2.2803610106655015 19.89712844810635 0
16.38463070393677 17.7663721115212 0
0.972128231363798 0.8119553366763865 0
11.614064744476542 19.814902229059484 0
10.557796484564829 4.9027251481286775 1
19.793389349984704 16.065558454222135 0
4.302924876056167 5.145555761699409 0
14.627746771335024 13.806507141169543 1
18.97845156044767 12.795504509321082 0
6.088471109786369 15.187913195196042 0
5.202158499247 16.091156427879238 0
6.39638969561096 7.737344035938367 1
19.49651347002278 9.873392767652325 0
6.695441938024203 11.70353107297613 1
19.670902441958688 9.578208307824426 0
4.090391793128283 3.035765581885115 0
11.792288721299888 2.466477377814602 0
17.283832063885473 1.1320179366475047 0
3.4597604441842567 0.20557164370273995 0
1.295935235559591 6.125130990971515 0
7.941008294346775 17.33185870889599 0
10.036969936409708 1.3268434455754297 0
6.574297444066286 0.9966292896827689 0
10.661292741855522 17.41546143696115 0
8.513314397714256 13.990582572993791 1
14.831000173706318 11.635006440940753 1
4.143912915057115 17.235929666320835 0
16.87747503434967 12.035923110125175 0
10.733501139709773 18.96241399252694 0
19.345944588105212 0.9595982370786138 0
7.082001953612911 0.2964551022217954 0
8.407254866358523 13.554510192786335 1
8.2656141062713 17.354805590099218 0
0.4010948220291044 17.564078756764236 0
14.436420565266943 4.440523756253505 0
18.931943188467063 4.3009126945236815 0
3.9619196404155654 0.2937099800186882 0
16.895103605393754 12.191420187380153 0
2.352892443068104 10.45362168964876 0
0.9473055793833396 10.573214092301262 0
4.341898108004473 13.40143499711501 0
4.128566760296719 12.606781257426755 0
1.4423882421717793 5.281511521493871 0
0.8974549781225671 14.237050267464396 0
7.577869502637173 7.188424386667236 1
1.1564863068521847 1.9765541786158924 0
8.609943920255356 0.5354631942714505 0
2.029357383078383 18.666247890834647 0
1.6733548444828905 18.860309591458616 0
7.693948139542814 11.757414327770093 1
2.202530268480263 13.732128879391114 0
2.3644447268606084 16.941170684285254 0
14.702841760961785 13.86952532594323 0
13.355825164896347 0.35434710523480906 0
7.7049592778256 12.2708089499267 1
11.527215598252834 12.890039042206192 1
19.900431662415567 8.075713729956245 0
9.241606678485617 0.858268157224038 0
10.044069208400927 6.48802648357459 1
19.67168124669088 8.559506434617559 0
16.598275692883604 17.611884075013794 0
12.302510029941207 16.02920333165237 0
6.372073051031608 18.330447833474516 0
9.216712553455551 18.850011140602746 0
14.141930201096777 17.52545997151974 0
12.788798059269313 15.390156211291316 0
6.885127808404389 16.281427996108345 0
13.930264433483963 16.38969870761043 0
12.173278024320066 7.806401485877719 1
1.1964525776695645 17.302268976522583 0
7.990749449153631 14.148924590808488 1
15.135580927427394 7.38028402973436 1
4.652163656057775 7.2018632570221275 0
4.805137886686294 18.117812028741053 0
13.557821711417512 19.707554282096215 0
4.001335662944192 12.206651483278916 0
18.628378569268023 0.24602005174095165 0
13.226983627998179 15.12225235379967 0
18.550912560449948 12.93549284990933 0
15.550552257697877 5.600394553217751 0
5.72916202369681 15.59075039184227 0
3.22193870295733 0.9703778112692119 0
7.482938679949287 8.115382539311566 1
5.923624459494481 5.636696938371195 1
2.4727588892636443 10.37783135007886 0
8.7766783127984 6.996609689518083 1
10.948374612488488 11.044430289702857 1
0.9307510822121512 13.054082680921947 0
6.4388878892367085 19.052012441987042 0
3.0726732510292587 14.295413338194091 0
15.77584025670086 19.8697180040796 0
8.719257004549085 10.389977041353301 1
16.807093706699067 6.752753242811929 0
7.670751810157803 15.487749382151435 1
7.48969043194678 8.417544297029682 1
19.527586452871553 15.808746775894187 0
9.970109727888598 0.1055604474614169 0
11.103879504076179 19.20085807817625 0
8.701829817727834 9.47905465139344 1
3.228159281819616 9.45033337157419 0
9.77680327639831 2.6181850977125087 0
5.969465284814108 11.3930390333804 1
11.150140928280443 8.823638234372748 1
13.184452792950147 9.215453226849899 1
10.224550525646565 16.74221364705487 0
1.889251605378608 15.187846539928 0
18.68667231472294 10.680028622529953 0
1.599438550638923 10.584676180325822 0
14.565262167292266 3.2976337433974723 0
0.3170721140645405 19.41349720241697 0
0.8900004297394992 13.969675825261946 0
9.89047842746848 3.3251218769195967 0
5.989794392344827 13.829320494375724 1
0.9586831698967213 16.41293164624701 0
7.567216608297713 15.36305733665164 1
19.36503767730734 16.465786043801938 0
17.948527895115465 4.222464888030233 0
2.4643762157459004 18.873457942393536 0
16.96132971786213 13.13778662799782 0
14.411090747045392 5.253134289804676 0
12.163456322415234 9.287118478261625 1
16.041390748443614 5.782207317047847 0
8.194496213220416 2.6899057440159235 0
7.981379463935561 15.576159551782853 1
11.228558610273767 5.372160559726103 1
8.231422594960293 9.303655715833488 1
10.191850058142675 17.366882048976958 0
0.7566589487070918 6.767062958729375 0
6.6508838296332655 16.592396417211674 0
4.050854031255204 15.518253130244444 0
15.631026724714626 18.20452728258472 0
12.23694261270137 0.15952891983848305 0
14.984155582822623 10.113507549875056 1
4.682064294557538 15.75143756525227 0
14.76944554766442 13.626735084646748 1
4.064551605740228 16.786723857917107 0
0.006707622535275792 13.790820343724231 0
17.19922259491079 2.7090476282272036 0
5.813150480418916 15.304089109379994 0
14.873223151361053 6.968943693480918 1
17.961385003978524 8.813879246406128 0
4.810625628503377 0.2034947922878505 0
5.699342454893155 9.123375086401895 1
14.06582623458618 3.8638278186845487 0
12.131134663387526 6.990524733770245 1
7.829861179641513 17.313630090841972 0
4.802203137648515 9.78450137289913 1
6.249613644722665 1.7355296946469978 0
3.191192592840637 16.14329996215829 0
10.791348440325137 4.156037951390461 1
5.964767660241197 12.296959738482974 1
7.559074103553243 4.93181091708049 1
13.968919470740557 2.3886106394016005 0
1.3466590528407396 15.15051367581827 0
12.378331842121442 17.1953959186451 0
15.423254161201786 18.58947762057794 0
7.252945377673092 19.905464399432745 0
4.4092919866565765 9.921233553187962 1
0.92420732430466 19.466287981907925 0
0.8968090049581123 6.554212978783389 0
19.329799339337438 10.113163902906058 0
8.404555849788007 18.24342184477538 0
16.892457905864177 15.120515672230985 0
1.0525242048841754 0.646925344924445 0
5.397165737792227 3.0667342062405156 0
1.723826369741348 10.592707163193325 0
4.234579597970227 3.1650133201502384 0
12.625355534332893 13.611971314662611 1
17.4392978805284 0.3714822545081464 0
16.579295818787912 0.3805622335349468 0
4.079000688815557 8.674523572936131 0
1.2403495430500255 9.937070544013881 0
10.87359644991466 18.721029941274395 0
10.93132467740444 2.7476607567857037 0
9.95359940204758 14.829913342514494 1
7.461073443019403 19.979249916683326 0
15.527666625392966 16.064394577810432 0
18.14229978060476 11.99507333453166 0
15.276722653252135 19.616228562242366 0
19.9444436626343 4.640180958796161 0
1.3068233105794924 12.779109704652434 0
7.250938740839397 3.874975660565616 0
17.14422072462806 8.658766433014831 0
6.770315524906152 17.733980707545854 0
3.215175783991424 17.397806404195 0
7.21213496266508 15.888645218543584 0
19.25659682389426 4.3155924325244595 0
5.337336253700819 17.175751091340203 0
7.069592232098354 14.478147873564307 1
14.11675265754808 7.7060162999762465 1
19.168498424904538 4.7586517948689755 0
13.781774322297819 3.587900922798146 0
18.71552854859835 8.672235547319149 0
0.006037995267387242 0.3628418368878683 0
18.55776505142527 13.209349649603762 0
18.35842850420985 5.77942299012615 0
6.912286949934563 18.564685202537255 0
17.287388182095825 8.34841475472248 0
9.805743249162408 17.38213403872738 0
17.886962611866515 8.838565302158068 0
7.591349384157315 10.207425447580727 1
11.520113289805751 4.7823406280534915 1
2.553881052004068 18.861067289090037 0
17.67855512906355 9.427903326683921 0
10.414820227197845 5.0861251435175125 1
14.24288312244869 2.647080903056571 0
3.8617666505420334 17.265601821710234 0
6.726882645313246 12.133522063512768 1
5.384252100807063 13.35574801695492 1
16.00525527793829 14.879275190455026 0
4.465468435314519 12.591146573688498 0
16.795636754484974 10.780814555608668 0
9.589703359861296 10.615483399626761 1
3.457043706835694 14.48547282389885 0
8.789866520477203 3.1294516421946383 0
9.950362627325202 8.40307709655075 1
14.08395973245847 5.972051215454264 1
4.108743233888886 17.578131629170453 0
15.289740680551931 13.824584731738003 0
9.372712158252597 18.72491162291104 0
19.13450231113999 9.30338382498596 0
5.696917253147982 8.60630449401349 1
6.445066721933079 8.70575738051299 1
15.860880279163325 15.140958022362126 0
2.1202621099121144 9.063963047127366 0
12.29965508373111 11.125994929007856 1
0.541898240506129 2.806988216097017 0
2.904269331631437 5.95869586553815 0
12.7354658518785 19.722667429809498 0
10.272763086190233 15.186490560404696 1
6.269916117605224 5.388301380757426 1
12.708948309141432 9.357263044779973 1
1.1605454981080254 9.005961909249669 0
15.629880768107087 8.351862050271134 1
4.601918371738661 16.79349638323742 0
10.9442464061064 15.14738016262939 1
0.3518260762194503 5.558862610380919 0
3.8911539874598366 17.30018356901382 0
4.031815680671422 15.02331797476186 0
9.996280649418177 11.764380932007086 1
18.91933730127158 11.056790285109411 0
9.843156534817151 12.221808404656233 1
5.646098343044976 11.53966453531029 1
8.106332856514394 12.042623927575614 1
14.591608251627397 17.397663893386376 0
10.858870778836966 14.33317584052123 1
19.58770758996352 12.3128436432048 0
19.492087187678745 3.5415457111136184 0
15.199618413913816 2.940675328019171 0
7.193083706522994 7.385519665060542 1
4.867866584873282 19.933114495616245 0
12.195023783999439 3.6102793242721543 0
16.009255326559643 17.165481046549008 0
17.766900052958366 0.40039676325357876 0
0.026175488030915073 18.578927332101923 0
9.543452614673967 4.893105944405152 1
4.836136341769903 8.66669141381764 1
6.70920898431707 14.719199503090113 1
14.221537448616646 12.454527531087736 1
3.0018113872645014 15.04629171312617 0
9.518172599713818 10.629320047727518 1
6.47490608689913 7.991944617702513 1
7.654499832948829 5.828096198585568 1
9.92104723016357 0.583052084158806 0
3.957378581377311 13.56021589573551 0
2.0652880107203986 11.46108130433687 0
12.578897613582608 2.494472914193855 0
1.0601855442873265 14.344971993860703 0
18.419204440386807 12.42897791577188 0
12.021044723873826 6.929868762814662 1
10.475750838467565 10.097662411959746 1
16.67304955471561 16.763547670198456 0
4.654570070651141 15.147978399510244 0
13.251964531411232 19.969252545740524 0
3.7330300584923704 6.120003728180841 0
10.506744407789865 0.8559830193616436 0
17.739144339623355 14.532139155326007 0
5.951815200937112 14.51732354851164 0
5.54044877655715 4.372115549226383 0
14.740678931941515 0.4424299700876855 0
7.121195633555963 1.2706376289513766 0
4.98257979701445 10.395751679041727 1
17.049453712505034 0.9892349108794307 0
11.136154878279225 6.31451652844193 1
14.665711838447326 6.243474824640643 1
4.5686956736959345 14.263213674504609 0
18.709857169893723 11.831112824190033 0
12.461450019502259 11.94040219402061 1
3.6478374340339004 16.9373976317275 0
5.5343034181991975 0.6186237665524663 0
16.919024447755756 5.690946887339585 0
12.640977695811614 0.9582736804958913 0
1.4907967167822145 11.006988931738416 0
1.5249260866755932 13.828161146204623 0
13.094966065623627 10.994973890338077 1
17.60727133343208 13.544673462337757 0
17.754523168294668 11.935613891929425 0
11.677763433358674 5.4693326109781 1
8.100631796544587 10.413117873926678 1
10.230855386200625 14.191116008509743 1
1.3967762805662765 13.674898708467392 0
7.555847288383246 16.406490619878088 0
2.0617180538677027 10.94098132068827 0
18.437167669423797 3.8613425305244276 0
13.108712857101196 7.3456700512905115 1
9.236514081435999 11.043554157370075 1
18.935156092969976 14.01031889380871 0
2.386964859071976 1.644602011199614 0
8.102603661719304 15.49245250498847 1
18.620850017235547 9.593513160639585 0
5.267432722541816 2.989540604366292 0
10.89439758303291 7.731528663384442 1
10.969768780090696 10.310176817481803 1
13.185493845919362 18.088956563542887 0
13.550804733124824 10.124659608022721 1
3.644804858643804 9.109614570573203 0
5.183346028013133 6.8143591499797385 1
4.150140721636877 5.655243187865531 0
18.617295787898428 12.73934918016526 0
4.794996527377049 17.703300796464124 0
8.627793287866572 15.026760479028429 1
8.854965763037644 16.90000876406669 0
0.5494259745084196 7.941753655497006 0
3.4974489908977446 17.06637136908347 0
3.665475796333435 6.502504122068933 0
19.095559344455832 8.195999918954112 0
18.0450083507902 15.926038347348753 0
3.716808078271907 3.8709452413648826 0
6.346131609880235 2.8914350745927075 0
10.82497925777738 0.23020779016965642 0
17.25416776019777 5.526316930327169 0
10.767023270211144 18.159687715286623 0
19.961450549156954 0.8398543552312043 0
11.511740654361 9.538178954146918 1
8.094692517022551 19.817338433461394 0
9.217166117126505 2.854736573548702 0
14.803757925675301 3.057035889887727 0
3.7469923654678006 1.7482814124064694 0
9.026002534172706 4.137941735469468 1
12.12333595545582 14.32735546223662 1
15.571681940364762 8.932897037711957 1
10.210427711840197 8.668204633659652 1
17.1577857669879 7.512821796468188 0
15.54309412183297 17.847619089463606 0
11.706391255398877 2.8231267292051654 0
18.759205807616553 6.552471572218841 0
10.161262726228653 4.4217833286993224 1
1.5731765138396492 7.745524690652365 0
10.067424219407304 7.311883068729578 1
5.216274642518357 9.51019269077733 1
7.6282736709263315 4.626875516385242 1
15.531579162700488 12.157041950272944 1
17.731179965048966 13.675738855040077 0
1.4161704714503287 0.5484892537626762 0
18.65599747155482 18.345963724284573 0
14.188541657568036 4.05493140390398 0
10.318657006710206 10.39162918021498 1
4.4285650600450825 0.02050662453132457 0
12.991796412642081 8.000051565062023 1
19.911195779079318 12.843579943439353 0
16.08879014347774 7.720548158253213 0
10.777335466558839 13.91023988616584 1
4.3756158747374325 4.521232970494853 0
10.047612632060105 2.953433251382951 0
17.203276508674897 15.44851081884022 0
4.337903075904896 17.541892704618785 0
16.447884445497273 16.272812977027748 0
18.01427168795155 4.549861569469506 0
19.539319976394054 2.0658413549922283 0
11.776893880089442 18.156355458758558 0
6.776261816838267 15.048307484805623 1
1.5463277907345585 9.104635928211856 0
9.140999115816372 19.90738812268038 0
9.443773542472796 4.908421581732019 1
13.871990378861616 3.4699801941295716 0
18.244504220966043 3.316430169845559 0
1.5107979678549244 5.503554944055575 0
11.630523517205397 10.541685770113315 1
17.804614989666433 1.2538529939387644 0
18.546151361596287 13.512145999776093 0
0.6984518078671664 4.7123466820738535 0
9.11985260742206 5.482678565486814 1
10.034293774375717 17.34247079423227 0
5.120160236391104 5.993067315601685 0
11.711062542049946 5.1826836259508235 1
16.24962724985732 2.5487099947531244 0
2.383166673778667 2.2133786926377885 0
9.155171575430995 18.677528208790278 0
19.1248988578541 2.476253587038628 0
9.20999125819878 15.554910388176364 1
1.828999540642029 3.1382426797391627 0
8.383842636323402 13.83066518194556 1
5.929695716333403 12.94272315835174 1
8.975347471996054 9.127407216921267 1
11.02928994033206 18.402902550486427 0
16.452269442790314 3.988340300856812 0
10.379255532605878 18.919751086064174 0
18.657108601106717 19.399779635370983 0
9.116541035096692 1.3117514613389414 0
4.114805797757897 19.763372880153 0
4.356216086305231 10.043729631925139 1
16.27854964523676 15.197239717930888 0
16.80006333379754 17.146986923878465 0
7.192912989556048 1.6436426849944707 0
1.1596212240200487 16.305643746711905 0
12.055178536382517 19.658425926621604 0
7.15741230723959 1.6752216016534915 0
16.92240384534122 11.50844432167747 0
14.637875306365231 6.61674031370342 1
8.962874733162083 1.7082848928129257 0
1.0138724520335107 13.770489482140034 0
1.0574412243533504 8.542806660080739 0
8.371602644962499 0.6225395442968384 0
2.310239207216458 6.720526537454862 0
10.669163118148443 19.06671397122072 0
14.954239135577893 16.106736226124838 0
13.361693526839446 16.51612145369466 0
14.614744992789628 16.203051441692168 0
15.419663088703778 14.352669004416532 0
3.9867578588212305 19.290203758212755 0
17.939512969685648 13.843386874375827 0
10.503306895912432 2.860413284583796 0
9.65061413946101 15.979855436180157 1
2.7448819086847243 10.67953475076839 0
6.520555857009926 3.995580749657235 0
0.4456655388821651 17.096221730629953 0
10.928378127473689 19.89080340509768 0
17.2715649957991 2.6918383157498793 0
6.642182626892426 18.548414793295443 0
18.327618558657452 18.420207061770185 0
5.652766393781706 7.872614545136523 1
13.256821727982384 10.328662038642477 1
5.1582082642031875 1.8154023194377 0
6.803238887215935 4.958341998362132 1
10.72186581485973 1.3494756892508564 0
3.2409417343419245 5.470176984417627 0
16.711547189587467 16.397673448081182 0
12.801616880213409 11.006191184073906 1
5.716891896806469 17.16403891958205 0
6.375020376023075 3.5967077451413765 0
2.1372873798855685 8.548053994279867 0
16.023689253877077 19.363183228631236 0
1.223866287316151 19.474649367912015 0
6.434090217897981 2.494986228553555 0
18.167157827754796 6.020454071675689 0
13.831091942803651 1.9032736403380812 0
18.938892854024257 11.225999686206698 0
18.68077067213617 14.777747562485693 0
1.8799355714405186 11.257835726482368 0
4.355458474968725 7.068682179579858 0
1.9626634029308199 7.200268409827572 0
13.290637327779198 6.123668166227098 1
13.346025764002192 14.4504502722441 1
9.557932589990104 3.4781720655952086 0
12.085543865710857 13.687103789435618 1
12.966437887195571 1.4180073302800111 0
18.00156767764705 0.3811078854892136 0
16.054792538288154 13.511500134580983 0
11.695039789369012 15.706127791051399 1
12.840921717603393 7.7765527811310164 1
9.95682586495085 15.820092972488018 1
7.259794218862594 19.13753757484313 0
14.497558816295284 2.54749060464192 0
8.578812884328597 13.393374086391471 1
17.932366886918206 9.634684188167972 0
0.7701111101428904 19.47304828953149 0
0.29919026091020706 15.424603183524624 0
19.252969543673572 18.704110025928273 0
6.756883981018786 6.56560442089498 1
17.00260196659074 9.990770002664489 0
14.435374222675698 1.5988130120076494 0
6.702746877800536 16.558980674708646 0
16.209966624583863 19.92557482826356 0
2.1501718301173467 3.8821710420256927 0
1.3665277432161171 11.61508746187426 0
9.043610797567824 10.96945983578757 1
8.597016288381877 11.24196925568741 1
11.98240984470187 0.9497520953253713 0
11.932815537172532 7.48093175082804 1
16.202466685895164 18.85151025843516 0
12.076287440260252 18.673300256817175 0
3.041673641403708 14.427333849959771 0
3.607462113774178 9.838225394580721 0
1.300344128447093 3.883010874293764 0
13.277833737020519 18.510977518482353 0
16.79498665813908 10.889327865335137 0
5.536587773955562 2.198349574666234 0
0.9766099249829674 16.01545030433609 0
2.366423516405476 19.882124362515718 0
15.787322896153572 13.983795990802674 0
14.480351130272641 4.2497252020598 0
0.11481647620780633 19.704505443785244 0
10.667081095925548 15.534192625185296 1
5.986726806404552 1.645418987661853 0
7.978266506466634 10.163087365898209 1
19.22741884713481 15.539716810121963 0
19.734606611363347 16.533352388293622 0
5.786800122781363 17.576695457802224 0
10.090324663173767 14.950953841521148 1
19.08737704985154 18.085596266852214 0
2.5936007414217976 11.115244273396044 0
19.806237269352135 6.2137162180798455 0
8.042957228099283 19.21787269143174 0
7.881787867625903 18.723946081257036 0
14.21077098641296 8.446003571545106 1
18.0015353071721 6.772437263461477 0
3.7317110981304102 4.178698448854399 0
11.039744683474948 8.114927811143994 1
8.21120780000558 5.553171925964165 1
16.906673711983025 7.340583666273406 0
11.219796338696193 13.730375064854838 1
5.4968580853231686 11.909558383201457 1
6.449013527681851 9.745003946838938 1
9.169025252970926 8.90320180334766 1
2.661521130725797 12.107620618371964 0
4.982653411082254 1.6350801418815553 0
10.276782031103245 4.915129888431609 1
1.6093051568323546 17.996043873342547 0
18.853124360628083 12.934820988487786 0
8.036512538877766 8.079804767766614 1
2.7931409524235984 11.623783555865897 0
3.1127855676856964 8.594551062483223 0
19.75455142711344 19.925255209939927 0
15.852347163333462 17.753688618660227 0
14.269277505305693 12.440226270130378 1
5.783517481837761 9.366036700967888 1
5.176402120637911 4.853892437676666 0
18.224083377230166 17.17129853360759 0
5.040569522384519 12.754792176593014 1
18.726215896687165 0.3666685789394286 0
7.03136478028741 19.51314601439344 0
11.810546409472874 2.2166110081773893 0
16.857013128085725 19.538655736707177 0
0.46754112052970864 14.171518359936696 0
19.28774385817789 14.92448274892848 0
5.19405435370627 5.648227309351972 0
7.873334606280604 19.54693630647418 0
0.040403348734565636 1.5496556645065285 0
7.05185721558739 18.749571704657978 0
14.151149857350429 13.717082950266517 1
8.255853529893542 8.687936986855862 1
16.097859760161924 7.627567314519734 0
17.906869248149093 5.2419674114319115 0
14.261547277561512 7.30334440863145 1
19.059744878621142 11.23079145377524 0
11.004864115634215 9.96241107205207 1
14.255341388792681 11.737973494127694 1
6.081267950654485 13.957478576173088 1
12.046914418656314 19.8751658507317 0
8.278333172682968 15.486904404338976 1
4.578712177586965 15.975404752532889 0
10.742543437681618 13.957142335388026 1
16.397769620798556 9.576092137675587 0
11.24361342730218 9.297614351951516 1
14.059742605562164 11.764866268468555 1
6.45122709130705 14.647633658841844 1
6.383382661999317 10.951652309126974 1
2.0893688801616883 18.503698324685228 0
12.887513816431609 8.14778565699432 1
7.507172248037747 0.1507742247429089 0
16.518579566110954 18.591689093338527 0
7.819578076245033 17.99555124725012 0
8.00137694571861 5.262547251093512 1
10.646394459550821 6.391097487064073 1
18.39892229121751 0.08500599029180433 0
10.908575408271426 19.24886110846295 0
13.129238309897122 19.738454611625727 0
14.223430182744302 3.127172213984346 0
16.08741099903156 9.363171145112075 0
10.057607293365914 1.8218780826182446 0
6.565976453799305 5.651453029473837 1
19.60733216814978 3.143297560998677 0
11.774753644572511 14.746176174771596 1
17.41440395043713 7.472626368420148 0
9.489366233337503 5.296776559355281 1
18.777330143432238 17.839417647670665 0
1.1200221725790338 1.2336629939470645 0
7.30498168092955 0.17268280935729408 0
10.805891602462335 1.0898150010806207 0
16.933204212680508 4.9001972004445875 0
10.28641859688169 3.412322237394396 0
6.316356006758779 14.070580944574946 1
11.741514591300374 16.822109190661173 0
5.376569316524296 19.023757389916817 0
11.973095496875754 6.036019610573986 1
1.5274394991731266 0.9868557792750132 0
0.7825932557789295 11.972729886755067 0
9.376279525479742 14.753143498769655 1
15.073616266242485 15.11797329440661 0
4.927375871851368 7.454536593019103 1
6.574394412673936 16.70423981230713 0
19.275965947795164 8.764476773591948 0
12.268926468145118 16.991121612632764 0
14.586344277816663 8.134461713720578 1
4.828306025285394 17.55972189979111 0
3.500379675785341 19.43851757695217 0
9.602439642753884 4.1363634418203095 1
14.154759377220094 17.316136016710484 0
3.1908873179347963 11.145377230824298 0
5.280102470409318 17.430076722655517 0
0.3487669889795608 11.362451275024641 0
14.51025920727739 2.6248449090692683 0
1.0601324248948107 4.708700815264968 0
8.127722144281602 10.36252550333246 1
16.178941861361626 5.11491161502499 0
18.79651824599554 17.687924492734716 0
18.604350610376297 16.030987581436904 0
9.434194441951263 11.997089538753201 1
2.3646200729319067 2.9588115118070646 0
14.027233997808535 3.6665276220104337 0
0.08281993357294404 17.8820136189793 0
5.4313450442812155 4.606444299275944 0
18.08170472339152 5.0909049807353535 0
11.518739943397971 16.422700595073426 0
9.727406389890392 0.8967791127990932 0
3.9565030307786198 6.31082695938713 0
19.01350587727564 14.669551670817977 0
13.614350750702371 2.616666520397215 0
15.668311049923835 10.972310257326479 1
9.526806905414789 5.374346526374508 1
18.391530270623647 4.851776539490775 0
1.4175271046905014 16.280012656375607 0
10.431546355665887 10.28181208083862 1
11.964891410295124 4.191298928915089 0
0.9740584207281322 10.77772984321685 0
0.7860482287647508 8.741280420682429 0
13.812748976628225 16.596597500269446 0
9.733681382435758 15.562016947617325 1
6.971253580408662 0.11107089915104895 0
11.817603529247105 19.196677216296866 0
6.389310114776654 11.26049647051278 1
16.58635030586519 14.037587497695927 0
3.635114969879576 9.448526829484344 0
15.297468213388168 11.932492945811957 1
0.028708544871909325 6.787479928466647 0
2.7416316717232014 8.80549471111758 0
15.624328775223358 16.229393823826804 0
12.488772349620525 2.190723343354275 0
15.845485232829697 16.997464480240406 0
1.3555083574237359 15.138528844142225 0
3.8914785577856015 0.35907053026772884 0
16.803571661593605 5.932826467247989 0
10.050996385126611 19.173444122969897 0
4.966358288734818 19.393901299895425 0
16.976140060936654 7.666251260048003 0
12.220523932630147 19.208047929613194 0
2.0610723631818773 19.014160870618667 0
18.873189861420787 10.724916771872167 0
3.9490148120452484 12.952812463245571 0
19.610991901777908 7.760656526732355 0
18.457630820927637 8.82189063153711 0
11.721490991465418 0.38636830765898855 0
9.590187299112571 3.105680349949065 0
4.37191886142867 16.047910502820493 0
9.195610386754904 1.4439350898272885 0
11.91825348703202 1.7742061146960886 0
16.24884396493718 1.834220418029504 0
5.589850071509195 4.10029421434152 0
2.6397346860246818 19.338855943108772 0
18.669689966077968 2.45587441675871 0
16.784227181392495 16.940706935438257 0
6.415411381837622 16.600267172104765 0
7.07910204607296 7.520455305937135 1
3.0426036684192947 16.88951653826264 0
14.659816800605793 16.532156285759353 0
11.602046965657243 8.565415563425656 1
18.30424492256832 1.6141509088103478 0
17.62460204844225 16.00912516605042 0
14.47558567196281 12.834670561091382 1
15.943940320708235 3.8016169822239188 0
1.5449043071858104 14.534318173224962 0
14.217761686031253 7.597056669529881 1
5.618156871518158 12.749247912626803 1
11.765503552536947 16.17028035393169 0
6.7628660861108365 6.5287586003820275 1
19.734252407559318 6.553883860389815 0
14.604297032932113 7.4383507003230775 1
16.87642086033726 7.898091259995859 0
12.443469587010576 16.9106122313257 0
16.25871962181756 4.887800919688092 0
16.796569565231707 5.343580861725414 0
9.745453231891485 18.510741188761738 0
2.0811355910689944 3.5887771493077647 0
14.102116043835638 15.339759100558934 0
17.81051495432912 16.787033614303123 0
16.213724423922997 19.24313511974364 0
4.075671616839712 8.667543186657811 0
13.030083892532108 10.12728522469783 1
10.604961587285626 9.866504397701023 1
15.154381471984674 8.396509487813963 1
15.177382156567024 11.39009723076054 1
13.816742322995454 14.493529232984548 1
13.164986809890575 14.47679191168471 1
12.245305818772499 10.188241451424581 1
9.185191549372727 7.039301685601509 1
10.286740668400062 14.20173591156599 1
8.470341178511791 10.168588078810005 1
15.603668602174125 11.26743866591559 1
13.844289306029056 5.5444221202686546 1
14.93732577260298 12.84154437123859 1
9.167739697020043 12.497561651462377 1
11.156937398342848 12.246953804520084 1
9.329517335951858 4.6891418411899615 1
10.727838421724059 13.424634826836122 1
13.794111112063964 9.44218027369782 1
9.77095849849549 8.154159369024416 1
11.647818711528906 8.348822036042943 1
5.256109607387076 11.204785319942347 1
12.843667456415558 5.868762034116335 1
7.96182501888649 14.652940726289039 1
12.93210023207906 11.979952527142588 1
11.612329342609355 5.337648932341761 1
13.157679228170185 7.686839778419465 1
7.085896641486218 9.744138772266002 1
9.17075121007996 10.711183183006977 1
11.929569564193903 7.895782791900623 1
5.643142978830269 8.077869587826632 1
5.412057727663903 10.939380215106318 1
8.288741785962557 10.926056459213385 1
9.50045198671642 7.776562522883832 1
7.458644342310922 10.120390350359871 1
7.883942169084093 7.360043130448717 1
8.200755901487518 14.710160401465341 1
7.948255745946047 14.17897782258234 1
11.626628261873812 10.542871852024804 1
4.421704703207892 10.600282964058046 1
10.00245277999765 11.631073220327012 1
14.404310509850983 7.228784152562621 1
10.647671435805215 7.2292818410785165 1
10.659647175918659 12.64721269634862 1
4.726090995013463 9.078152000011732 1
6.843596105441685 14.080046464529993 1
11.648804908649566 12.15218037435437 1
14.107791150179711 9.559751809301172 1
4.349496261500525 8.965880186921062 1
5.486933098447846 6.751882728094194 1
8.815035132454152 8.958869800337554 1
11.21480763342348 5.734420126058004 1
10.87485960182679 12.533874152387654 1
12.246686423778677 4.7663103983006465 1
11.434794889661529 10.239832627837902 1
7.9719588596745306 11.627278644842551 1
8.119978409136955 12.525640154174164 1
4.085652732448748 9.58453420203218 1
12.457178865545362 7.835795840051367 1
6.708538606977044 7.1940849303211385 1
15.058913154096594 12.39665929925076 1
11.18053085707839 6.307867601019046 1
7.907637355966699 8.216160653859097 1
9.890678860685354 15.85582126999276 1
4.819840032139795 12.666408459008684 1
12.914720832248118 11.932176220416704 1
8.550780283735806 8.991732086615452 1
14.004778120537003 9.807964593057374 1
10.421396070599453 10.885030780484612 1
13.646716157908376 11.009828843179283 1
15.443939668707769 9.409484437016866 1
7.94982548140503 12.209431577760357 1
8.272064342229136 4.827723171408522 1
6.105228897154409 5.549183494136189 1
11.65434482621524 7.5675430004456885 1
10.053920320604801 7.050886188116827 1
6.951630105130526 6.889070379264767 1
10.447024776069092 5.1431442572493395 1
7.703873354346092 12.023539601403769 1
13.179280421569679 6.00080460878832 1
10.531676188883587 12.032507808195188 1
11.378210657021128 11.672071838368947 1
9.871410718751791 9.241619553275504 1
9.378621843352397 10.605215338813025 1
11.92284194335375 11.990029609937396 1
11.872513094489925 12.108211153940601 1
14.421732003641905 12.537968369428151 1
5.6250387165276265 6.6255366020571715 1
9.068493098044074 6.625259615572496 1
5.821021074803454 8.456595911788149 1
7.017731603286334 8.384816507765036 1
7.61174406360698 9.537919338539444 1
13.258596924571641 11.072039951054633 1
6.123261232015562 6.954984795089157 1
7.411112477786633 12.962394672180569 1
10.531159736323037 6.618386919354855 1
11.838481960434947 8.749294910544897 1
13.486783559628746 5.179374837133843 1
9.235343059050482 8.923055333101395 1
14.807947742692487 12.874970901699632 1
12.289906117496523 4.608692275492561 1
13.438052436757083 6.017271092961371 1
7.790010352005292 15.189803334300912 1
10.37870315899577 15.763504928295905 1
12.569519004987804 13.700083092746713 1
10.497670530740715 7.028904232311357 1
9.086582075952379 14.627417357562297 1
9.645029626738534 11.9767174208901 1
12.865003600668341 8.925993917790239 1
13.906345208499546 6.247136519809113 1
14.21937395693808 10.22464206259302 1
6.5627100938396925 5.3758076638978665 1
12.539599790279611 13.404653343156532 1
10.270312813892783 4.3167983755709045 1
14.707554858690848 13.43265375509371 1
9.141001591368756 7.683750475715612 1
11.396403019555388 5.132690707964651 1
7.534514426811096 5.49991270217501 1
12.932806512914238 13.537790830059507 1
14.276410951008618 11.30405748919459 1
10.954607856670284 6.215587683291625 1
15.863666646524218 10.622781767607425 1
4.2418381752144585 9.5067866854928 1
14.725416546150425 7.593211704110894 1
6.528067877254157 13.052561872069008 1
4.049979920225373 10.400345738661493 1
10.466428798340054 11.7605765182462 1
15.106581588665565 12.848821269042334 1
6.783556384114345 13.270527545399327 1
12.099649690063858 13.93018248005004 1
12.874876287193873 4.742748044695917 1
9.09397679981473 9.571269217860374 1
5.502535260053911 11.213677163459554 1
14.72921897814351 11.280118585769268 1
13.9855406615889 11.44638274365728 1
10.695818834731185 6.11815865126502 1
7.523205493305472 4.557014997522586 1
15.743026068831643 9.35729350003646 1
8.622515878464247 8.92449064779795 1
8.797786108119695 11.8975179397695 1
7.872532526515963 12.247980962767997 1
13.596223147019709 10.866970624891437 1
5.437489649332663 7.415738942242984 1
15.414196964777938 8.525799884917367 1
7.320862004747584 14.3961999035573 1
13.744456566467413 5.359296716187951 1
7.785256291914527 12.728403493887292 1
7.935413077304445 5.034426346053595 1
13.201168300249442 14.691157095514988 1
10.45972938240963 14.27567040193118 1
14.28197694658644 12.124650122739693 1
11.9446908778495 8.064993098105637 1
7.581737570494003 15.14138137601911 1
12.524595314319056 6.78869302960959 1
11.869787190375476 9.105443760066072 1
10.16620510609879 12.300484179526984 1
10.852873575283077 13.033291836883583 1
5.252453102942822 7.734341053582423 1
10.498089945548072 5.856915638007097 1
9.439452676129743 4.147819995239113 1
12.762440393964152 13.975016001443262 1
5.055496192063043 12.697953136376345 1
12.260917327071894 12.289959535705727 1
7.160589188601659 7.353735197260103 1
9.946621898219469 13.604239738224974 1
8.705998863841593 15.596587030637936 1
11.50356841463719 15.664263278895458 1
15.786536912927005 9.394022752826345 1
14.491546337086056 7.187701487166849 1
8.232574712492923 6.555534301995332 1
14.034325939756354 11.90125851044494 1
13.714692172665696 6.0767604529421675 1
9.29908157457987 13.766351746472271 1
12.131169833152686 10.851212493628516 1
9.493282470838995 14.222782467811204 1
6.190347345499689 10.222054754695565 1
4.161833828732842 9.898036727268781 1
13.321141538559507 6.236128601535825 1
11.269179959636622 13.235232546439823 1
11.818347906961442 9.323614753340497 1
12.490694464944506 10.653911110522113 1
5.749845421712263 6.379692272860147 1
8.608046601234678 7.716325223668761 1
13.7890318538002 8.862692784939856 1
7.675325885466416 10.805394775491454 1
8.825694569604039 10.314783358999321 1
9.8673362983874 10.108390602048253 1
8.373543428480072 12.957522086887268 1
11.391114139784326 13.670158958338963 1
14.405437636741564 14.064595479497656 1
5.82772588452541 10.850662594473617 1
11.518525661154634 12.153870266067573 1
6.763580230289865 6.32403978503008 1
8.591151494333293 4.345419225851557 1
9.896419898728183 14.93347716094285 1
7.591352365168693 8.101781702502759 1
13.708945322304393 7.274489245014866 1
8.726083371214717 13.372487853162466 1
7.138945634963962 10.308044720903421 1
9.916549391958986 10.034800564893873 1
4.420293349337494 8.078883791590169 1
4.450468020001348 10.845366398062751 1
14.713016093639144 11.228670675600785 1
10.890147235964005 9.610317826622424 1
10.185407661383339 4.495198637975988 1
8.735453458486443 9.49952821180165 1
10.394390687129523 6.571830149509994 1
9.859116359655948 7.996916886996164 1
12.958791717384795 8.557319273560122 1
8.79462453521938 7.980020876475475 1
7.158269654790237 14.541602853783617 1
5.423739375210472 9.977624479510535 1
7.676767802376185 10.361615255895433 1
11.118182834064687 9.984905092991749 1
8.672120843167882 8.947653884074988 1
12.984672065192033 5.920306977877596 1
8.433817546304676 15.168592538873098 1
7.880125796376332 6.047662115686167 1
10.943412726171118 15.366959841901464 1
11.907805872268115 12.377131437573183 1
9.635848272400073 7.471454327873355 1
12.047299758162769 15.534232952716149 1
12.492717640634998 6.3026474706822615 1
14.755743167918256 7.979002346262202 1
10.898736111405524 9.909742785411455 1
7.00202593544039 8.254618651004863 1
9.73944546715584 13.337351600649317 1
10.926988203951478 6.548020970809483 1
15.72896380740477 8.910589477437492 1
5.9279238942198536 13.697987438912385 1
11.038203290556378 15.023077352092681 1
4.261621251470222 8.48437292882214 1
8.93691865654822 11.125125665942402 1
11.575479851685003 4.9469216376726965 1
11.913102150321427 10.066045301781323 1
7.07099533720892 12.42396591132949 1
5.219350175760602 8.633941139484072 1
15.119491487475445 9.93235764568325 1
4.494325247319839 11.95623958785881 1
9.638599178407635 6.290748372458674 1
11.440227645161581 7.404547330506901 1
7.400280001199862 10.340434731727708 1
10.472825427828736 4.779339849432171 1
12.094065164932829 11.930452135718465 1
8.861259170770879 7.281575967788447 1
12.891143997515183 12.47303320466029 1
5.535342285409943 8.347331258471783 1
6.97267216858902 8.973256038069623 1
13.877936500734663 12.504804284330815 1
9.59158158361798 4.360751482857312 1
10.370739651413265 15.962728352695834 1
4.69603734472831 9.887335372843234 1
14.381260743531643 9.047588779085183 1
9.10053406069447 9.890735439855927 1
7.585202491276435 5.250523808963332 1
7.647880113971725 8.12694392452125 1
11.901573639263832 10.209052171223615 1
14.822228904313342 9.949343218466316 1
6.874795782104963 10.719327100272661 1
7.18474425813493 7.856006265473625 1
10.207172148382245 11.34214548681745 1
13.27553460420778 5.253338161000711 1
7.63254942444415 8.702494875481612 1
11.464831014775427 5.112885503746696 1
11.517701147814414 6.412091554458101 1
9.040819023513807 14.598063679817987 1
13.55534072260638 9.132854041715321 1
11.306266921335972 13.866865193246747 1
13.61641914932257 11.96068437940765 1
9.481007481805506 12.161641642184073 1
11.553749757165113 10.484911540550733 1
10.257302879549774 11.10027673882641 1
6.043976007614649 13.367923448795143 1
6.756949780818626 5.523033137691691 1
4.195201148001235 8.653811026731756 1
6.2702956014145705 7.271020493706821 1
8.635167967513684 7.558955982686673 1
9.742072614383119 6.160917783283009 1
13.297328489859899 10.985016733870927 1
14.036329837281512 13.384894064738141 1
7.954173017054833 10.499887474256347 1
7.630545322514708 11.251150786869397 1
7.256474141254299 11.448904694068858 1
6.880708616220361 7.045253826514523 1
7.1155765988098985 8.68220548757565 1
8.40338290165786 15.005093921981318 1
7.754124788021228 7.5515963749508135 1
4.615447765006138 9.556536211741937 1
9.433014361910462 4.169559917724568 1
8.140843635574877 9.695603272381991 1
13.877992295685777 11.55489584135313 1
8.868485524875949 10.589437443922309 1
10.177797339497282 5.939455976707442 1
9.687280306779073 10.73161462644368 1
10.261118287137005 5.364667243375425 1
10.542726223729538 9.368109576655607 1
8.226563923566935 8.452522496012469 1
7.6564933884890785 14.315730378871654 1
13.796268082953393 12.175336363072581 1
5.096541504161866 8.49865813985435 1
4.155552855999661 10.721901811922052 1
6.2060429975820375 11.458573778041018 1
13.266136675601974 14.75925830632891 1
11.954836054409428 12.24254350866893 1
4.699736303560944 11.848668792591127 1
14.948347363723604 8.54962613187351 1
10.727715630589225 5.215263463362039 1
14.638283559904167 6.4895928365898765 1
6.942481625550441 15.052469216506063 1
7.116040072496135 13.927535169897286 1
13.597965414971318 10.560193002644747 1
10.773118562394561 15.365858436499703 1
8.340844668980154 11.472145381462752 1
8.162943369011067 14.879731116457169 1