9.939325060343531 6.046277736489238 1
3.7811703656943108 0.8164918381912845 0
3.8581035913435247 18.646824478425252 0
16.713881087429474 7.053736806291742 0
19.221714751621697 15.103837986944486 0
7.9642955034760865 4.074255809420617 0
15.627277642548469 17.1722471200006 0
10.637231195964478 19.125118919931374 0
7.598805867539642 13.036872129370833 1
11.101529623694386 12.222384604962437 1
4.46516732096049 13.484659358694636 0
17.92850043863394 6.086942140218213 0
0.49094376012007723 16.278266066188248 0
0.18906014835001095 16.423209584318275 0
11.285841615408144 2.8978545590382887 0
3.1475482525801657 12.674261464988362 0
5.599082108549494 2.2564464838247966 0
12.026800058611515 1.5015198877679214 0
9.076127852597835 0.4448733857210385 0
1.0297372203926947 11.13298145817716 0
3.0347017255217312 17.50867580480322 0
18.927733705731406 7.996860584848545 0
3.9021567841106686 8.703033459142933 0
18.99383123749512 11.442729299803062 0
1.0133610433606477 10.31500814103033 0
10.090150195826011 11.934852572531817 1
17.961789601522206 13.082011533292485 0
10.507754661284325 13.322342685679896 1
7.820100776005696 18.959480939734725 0
16.95498946270087 7.713368362377489 0
12.611394604423658 10.21769757510443 1
12.210803644170394 7.348625340212147 1
12.425904721499332 13.528389698561508 1
14.402658643885564 7.87258449007658 1
18.06157872105495 1.1290090836073952 0
9.713058085877984 4.377447141853881 1
15.570295296199536 4.075642540687861 0
1.6751917956952256 18.51087597895817 0
2.9625491849640517 10.79224387307859 0
4.445018979821871 3.182181214934001 0
7.641393908732665 4.5211827076803335 1
10.297426893147088 3.961512425019571 0
7.024851538393251 8.416253621830585 1
10.203422181894364 9.998698794834556 1
0.3307390846529823 1.8750780628904273 0
3.679738273187403 0.4682357769676604 0
9.301949933015292 15.336966128317318 1
15.445667754742697 3.949668542701943 0
12.258196630840061 17.924994055232208 0
11.412424851367426 1.360713730376839 0
4.2124514909985145 13.354284549637105 0
4.945267702141192 18.18007341864197 0
3.360381233394938 8.020442385939791 0
16.776159160297436 16.955637068770457 0
17.874415740717 16.50797789761115 0
3.944550175805168 5.8468000572258365 0
13.868672089160722 15.362346516672021 0
13.86540365333075 15.340075570096454 0
12.804003646436763 11.20038366788124 1
6.304262853363703 1.167716953575093 0
6.264774533840165 4.429473575886831 0
18.36366779776277 10.806991762478297 0
8.470723709280563 9.856268024014696 1
16.122656699885848 10.58721386917243 0
1.256494204532208 11.526209374140326 0
3.6066788987420706 14.669354162116866 0
8.762767575183954 2.920029719302466 0
1.9085621579920709 18.055009202361866 0
9.990265355138973 12.17127778221588 1
13.572193735378892 12.16141125002077 1
17.438777775501997 17.15742703106878 0
4.085800571739799 1.427427510538326 0
17.358006895350314 14.041355916690904 0
16.21309971367275 13.315831159608544 0
16.141474417214624 5.870449517547942 0
17.753017438942646 19.485449952852598 0
6.028523130435257 6.3052100643137 1
5.026850319500884 2.892067154268303 0
0.23657905808702306 18.623551828769646 0
19.31139062387768 6.094294346261496 0
3.234625402271567 8.777823047502732 0
3.4868082536117972 6.993708338203886 0
12.101187889867242 19.812251074747284 0
0.43015693662894483 5.990124328495781 0
2.4437114776865188 10.431676692604519 0
5.974837564178226 16.956320308904196 0
17.668267300443183 18.197088778871745 0
13.170945795199337 17.199281564530352 0
8.256475069424777 6.34963485390152 1
7.979026978660366 3.0615136113742025 0
6.094386663817566 8.193645714920446 1
10.140632439742191 9.72007546810425 1
17.889415037215354 17.809436864907337 0
9.04333041675121 8.289908680009235 1
5.349537476372337 10.983747040664934 1
15.14124101137317 5.072354308263747 0
18.273756706620116 10.104503246519585 0
3.702524256266835 13.001586456745217 0
13.375525592277999 11.415661710626264 1
12.387288936954022 19.14535940873084 0
11.944967458183074 9.338413662868126 1
6.054340605284185 15.662671349106027 0
4.985913376106604 13.532601946868075 0
8.641987272505272 8.797983494340953 1
10.573453172728675 17.77196534546484 0
2.6331377945330914 5.836534238019562 0
6.580027894928344 12.518299440947814 1
1.090753324706526 0.9141115462753047 0
6.889329225997772 14.323861217075034 1
5.810679505111347 2.990211821409665 0
19.56101642654065 7.617111903525553 0
12.41183312664576 17.251608902752306 0
17.19931087255843 15.191782683044053 0
4.827715291539462 14.788499366367185 0
1.0223381047268543 12.904807774925933 0
18.247599831883626 6.147780912059673 0
12.606893396164542 15.175145598514717 1
18.852512272677266 9.366424238540107 0
11.822476828928053 8.802345101662617 1
16.72655622346526 4.4927857705341845 0
18.18298591064663 0.5442005123991089 0
18.47951421716218 14.990220551903574 0
6.211144932466257 0.08034221273546915 0
13.609484690460228 2.670240364546179 0
7.014046301501471 9.421187418261196 1
3.4565102844041573 6.055797233824219 0
0.7040416459625165 13.610452181042536 0
12.892876139228655 5.007168870937435 1
14.924474910829094 0.2596744551752339 0
9.446241893772296 11.613796248030717 1
0.6268521450015885 7.558085152569007 0
0.2883376615284239 14.266930518820953 0
1.4771509467956423 5.6412676658576855 0
6.004615918314986 14.556129252188338 0
3.0039252029157315 3.1195153093035666 0
15.268707125692087 9.212124078493915 1
12.311921359025593 18.843323138902896 0
3.2191667699474324 0.4433152256535222 0
12.244407495864609 13.349155916588094 1
18.91303392047318 1.1613689734896337 0
15.732144060492995 13.592692160976247 0
13.624781684888257 14.091606413286044 1
11.105897296322766 8.517173345581678 1
16.7756851719329 14.927082547428018 0
3.4563298037273738 9.455743845283898 0
11.31943351298986 8.154122382878008 1
0.5708562264497452 5.255138767962688 0
14.682984145541013 13.821618175297472 0
14.961764810201963 5.205993776996225 0
9.047369065561128 1.7633271307941922 0
11.183834650098117 8.102428090334701 1
10.240501097219433 13.890516734842066 1
17.81430969923079 4.791154861062741 0
19.161677322071643 14.862994290742277 0
15.236697569134964 17.749415784677673 0
13.261326610192885 8.526861766580572 1
8.550673110411068 12.129406829480597 1
19.836946233632574 0.7083059492025612 0
8.319986555254115 8.827015173171372 1
10.355119834927716 7.315585689941162 1
13.756882344228549 19.899974945414126 0
15.81613254289023 11.445273381425595 1
10.66470857624866 16.940129276278057 0
17.588640603175683 1.5129178390680553 0
7.313965910439646 4.894873315069905 1
13.966069630528876 7.2472806236001315 1
7.478709574157538 19.627709274381782 0
16.646556469617828 12.30616839192743 0
3.822810348403738 3.8234157479360564 0
8.436613474947702 18.694623826448257 0
8.797828948919879 5.667290085650201 1
8.400489619099298 1.865722203025404 0
11.163698364581357 13.606604076027057 1
18.5383321505377 3.7060820542714734 0
4.601776663288868 19.81951419837344 0
17.09966156810663 1.2179444867209743 0
0.6011791324937676 3.6441118290658303 0
11.579011014401711 2.2661906290638067 0
17.80812529132357 6.2288863879050655 0
9.886656348078278 19.34235922693341 0
12.665195686888264 2.4017332736009966 0
19.683181022178882 13.547061605645986 0
3.053373341666139 5.298569589455857 0
5.999148680665849 12.978703724368426 1
7.993856717776109 10.241377999404047 1
9.221477784523458 1.7379098891778666 0
3.1622587949483028 6.927026175321016 0
16.254236128780633 7.84325290024549 0
11.908685811802641 8.584449568762702 1
19.154324676370916 4.905680187315085 0
0.5043231257320446 7.811246913071104 0
18.955657875551623 16.491902878812144 0
4.888383995572568 16.16582413248734 0
2.2860227681494227 6.170596406136683 0
11.48800733098226 5.946854123649354 1
19.338778807927135 13.111348293193352 0
3.1612527634272825 13.268510582464021 0
8.872641667176826 0.4434913693465137 0
19.522197674920708 2.284521418060823 0
19.145378920735055 12.597433905388588 0
14.789596503417844 18.9636692650353 0
18.577038162675045 9.34858788139113 0
0.079324363242117 0.4274470051165169 0
14.011616574082542 10.659534458683728 1
4.732470188031284 11.586250827294633 1
14.059617655386784 4.111575402467533 0
19.985060376609024 18.940172095634104 0
2.73759758349551 2.1929649072389767 0
1.1234580760749746 8.943799025823203 0
10.759813045902371 1.6153766154976101 0
6.494763224531946 15.647359387418158 0
8.909050750695688 17.05582226830861 0
18.42294175316914 13.84594058277004 0
13.26276774354522 4.800300044465411 0
9.222709858234095 13.305653436509497 1
0.2523427460020766 11.294534178434695 0
3.0697235727344374 2.42272953746562 0
4.9993948103195045 18.141591306422047 0
19.592788252466462 6.861532605278173 0
3.0086237514027636 8.470895207645528 0
7.154686501859679 11.454776697702613 1
0.34656377705204244 10.743251235532545 0
15.087185115825534 16.881610135370263 0
2.9890194303481477 17.75315168893587 0
12.207265535994425 6.070951929655212 1
17.773632882986934 13.266897879554161 0
16.888870994070675 17.89621614739275 0
1.545549180243062 3.5868470369181904 0
3.7290984314576336 0.11682229388157994 0
10.234613423122996 9.715732211598588 1
11.612902399598624 17.20899695007247 0
3.424012706467261 15.872789019358793 0
15.938397390864264 9.157145529469851 1
4.586563206636301 7.322185248868676 0
11.531583745865596 18.03871392962957 0
14.159417025120417 17.077280066091348 0
4.017038248009925 17.96537052292725 0
8.998021316927368 18.148957409952068 0
7.164488133708189 13.823466902416264 1
12.6244554765095 12.407687429101495 1
6.666300619791141 10.937806445693605 1
7.362776547292659 3.8538959083204505 0
15.93578003308017 18.90659087167162 0
13.982605299684574 17.98800310816253 0
19.378850900240174 1.5686076217909894 0
2.509041226495432 0.9585942125939884 0
9.33473572573481 18.318661466147205 0
5.069190348695085 2.270293667263912 0
10.254519848519363 2.2913705058629597 0
16.48606545239445 2.9106081599645806 0
16.45519383536486 13.233057408313027 0
5.038246156901687 15.02175211276848 0
7.256823724621418 9.357933436482156 1
6.329964280281666 6.213838893660388 1
13.89337094570247 4.981412270564656 0
16.239578011082028 11.873978312860338 0
18.256125416124412 3.0698008934332788 0
2.8290852853499238 10.471511013429636 0
2.814743279908667 0.6127611468866601 0
3.1198803189670543 12.211583292252786 0
6.416321856779492 17.476993509646313 0
2.9596275352123635 3.7713811225994265 0
2.283334043156855 14.781116142820288 0
10.374669870983883 4.172140594978043 1
3.0927924727149025 11.568562927063969 0
16.34769383506446 8.299394998448975 0
18.907968660643224 0.8941159727054382 0
17.90895638404469 4.052281259829506 0
3.017118541170616 6.424072713088762 0
16.96135233252495 16.42206904459355 0
16.020991395765485 14.8277281918305 0
14.483743691052824 19.916317987033185 0
0.4091976453041446 5.791606288622553 0
9.341708968810824 8.361944747056484 1
4.438419804559044 3.539761058791504 0
13.804949838567298 10.518385938367889 1
6.948465063602221 4.1352253482836705 0
2.258878465609788 14.09850398673003 0
13.33537099257107 19.14037805779437 0
10.462488165730651 1.6789148613004756 0
1.9850655175150145 5.944562571315622 0
7.556297878732305 10.587186635472854 1
19.669960489515812 10.530804324024189 0
15.657072376471321 9.622427284765118 1
3.434526337177506 7.026941605647616 0
19.946039443969433 19.436417264035548 0
15.630282007489262 14.7001427044846 0
4.3777752220371084 3.0332183400057833 0
4.869364043830496 5.763049259821054 0
12.760144937126556 1.7161290724198919 0
12.550077364377278 11.382197913460566 1
3.274850094145909 15.93706700008817 0
14.660602819320264 16.526636363058557 0
4.031024538938457 15.621289668487536 0
5.353697914850983 1.3042906917683372 0
8.235776057488371 1.7793127945361786 0
13.542647759012734 14.76774900507974 1
19.37186080304347 9.337146683249884 0
16.098374284580196 14.002804764330666 0
1.6931413756997715 0.8662702185053894 0
11.034109412970533 6.828349128338824 1
4.666930307333049 4.96693013978132 0
9.377536452751496 12.479334159891316 1
10.957701142530539 6.499133350773452 1
14.286801693785415 16.994709969306864 0
19.23348987707229 16.893698930215134 0
7.027276007424279 17.61985951709764 0
9.67724286368921 15.139976405798418 1
8.552948433281767 0.09350486960019389 0
4.119436222664157 19.666792093687967 0
15.756427853272207 3.394336098131414 0
5.601453230305959 12.75398635802447 1
18.070324076051897 16.05554438784128 0
16.52849626459696 12.470403930717458 0
13.809968362619028 13.740425225680163 1
2.8364784952296884 9.580695724468818 0
14.750535332462533 13.641221878364204 1
4.090956907382255 9.755276655695495 1
15.014380528154385 1.3340615576737425 0
6.773713986932009 5.351750745954343 1
1.2687705404176786 12.883820834171074 0
1.138116888321632 14.449132236864719 0
19.209849911987405 1.6690736129678174 0
18.620615935544258 0.2866202386396033 0
10.961210981127659 19.319667604333965 0
9.412465862849535 12.52138881861135 1
6.427058815970295 3.9497864214820066 0
10.853494514280197 11.098973453807734 1
6.992618932392043 18.864443576935034 0
17.841317886669533 17.734329426949365 0
12.48209320330539 3.2199339475135114 0
13.83931721979095 9.190092623955664 1
6.19911354932051 9.397779658595258 1
4.1410632341513764 11.896427556642124 0
9.578608076155358 17.238784644138057 0
18.89293233309668 18.29386061292357 0
3.808618030469604 6.04162982649629 0
15.347064205598066 4.8239018027406155 0
10.076274082874107 16.35805941673381 0
12.819384138851737 7.941272569853391 1
0.8057152653474375 9.557327140176943 0
0.8460983662442101 2.02492879549923 0
13.134807930174768 11.196549238092805 1
2.561151873162879 15.835562719213833 0
4.154625933182457 10.610541252332865 1
19.482357175171536 6.6992556518145925 0
2.6230904561803547 10.967420423985029 0
7.37360886998085 5.572124368127682 1
14.244089601654832 17.66214321908859 0
6.718111474839499 17.70396644832259 0
1.668498205677078 17.62323935166407 0
7.814997998722912 2.2861654913848883 0
6.741269390470192 13.074698353538958 1
9.756771822088934 8.175931270301293 1
3.0607553716751856 14.412790882399932 0
4.752960703418738 19.259699270840226 0
14.58634767278369 3.209738600569363 0
17.595981479649677 4.589569655992188 0
5.610523239114817 12.704469046410702 1
13.018554786761582 2.034419985248692 0
16.406069840650886 6.487493654534607 0
9.100388605384053 2.2664627584432506 0
14.563342199257095 1.7438556246629888 0
10.007279715879179 6.609439863208381 1
3.8011793361647817 2.494218597024016 0
7.757251859844638 13.356616356097009 1
12.153989621054437 13.007692288816292 1
18.311544896066202 3.1807107359722564 0
5.903254076516681 1.698891075939537 0
7.7498031561439245 15.306145921567962 1
7.833948616995503 2.8790696339324384 0
15.451667824031496 1.3218292831434941 0
10.530885870539757 9.552367440976894 1
2.3473647270275144 4.965209655331881 0
11.175233869436234 14.500080721338438 1
18.387889535977596 0.48936207290102285 0
6.189573677069369 11.717580034601315 1
10.43840936656812 6.227835396404022 1
17.107636846569353 14.249384811346014 0
18.159009245044736 3.6431138771813276 0
13.328568051568528 2.2653812735946177 0
5.989894564806891 12.828785922802325 1
11.01686371170829 16.222051993766446 0
7.596797371152375 1.6138629377609748 0
16.141136690558085 2.181997277109613 0
12.959991268633411 0.5246295950010404 0
8.942331158756161 12.592191014787815 1
8.261602698460212 10.16316633975852 1
12.664118279880068 14.73052384834581 1
8.962238606050635 18.060327444209783 0
3.135187388503824 17.12437909362281 0
9.80795303059839 13.135227169638595 1
15.332943884245921 1.8714548336150427 0
4.926490749036576 13.662877984013367 0
18.168548926832145 16.432716972742977 0
4.200937166445867 7.8685790969229075 0
0.010853470833755985 3.3347001046270286 0
13.567545428019736 5.96946938377604 1
17.525434867529015 16.54635006313233 0
14.984505725048727 2.7526439936828617 0
9.396142541366231 17.155640109040654 0
15.069101479718475 3.622480978778555 0
15.420781291161248 7.161382962809906 0
18.05989191513873 12.987137593629352 0
1.3500041098513393 11.122193457304073 0
3.3725409894916503 7.896645835788608 0
1.7004955154717227 14.296835167120385 0
7.838489799388089 12.024638119382654 1
7.711010983131217 19.34802134866287 0
13.353104476257705 5.613960187572062 1
1.561015686412044 12.220943814216692 0
1.7746755092003208 12.006054672390205 0
9.222283735861643 3.0023191213578837 0
0.19890987323935017 17.10960004219723 0
6.098411776831436 13.65269603387284 1
15.416580827693846 17.595883684088356 0
13.291118613227903 9.280248500982722 1
3.0836733643569403 10.058341990470947 0
3.8229747255521396 7.18175590582862 0
14.995381607414158 9.937146302835512 1
9.79506728770093 7.010714332677457 1
13.991299606607656 14.933954810981646 0
4.182524542370352 0.8428270153348971 0
2.0264473877530165 7.723841239992244 0
3.3079030109996266 16.262338042336232 0
17.508312459023156 0.7296343280071338 0
9.95673288293463 9.151562617791164 1
7.699400643565051 17.112965472100395 0
14.031835744085647 14.45602744271124 0
14.366478135264968 2.8413556201009937 0
14.245967709602944 13.625540106203696 1
8.636308345114077 8.487590026884366 1
19.363974078713056 11.883867121654246 0
18.01438951830568 15.435436201983663 0
7.7390622579998976 15.448206836634249 1
19.08831561433313 16.216407938826897 0
10.855637200013232 4.884937330545971 1
6.847310823052681 14.806652417273739 1
19.953244475963075 2.935058438280125 0
16.280094145451272 4.40509418119198 0
16.439863401815327 18.51378633649405 0
3.395349491591808 5.496807174496983 0
15.858264748506713 2.4910734353589126 0
9.382112156960554 6.202224105329551 1
7.75490484181014 6.59346103319489 1
1.8744354701896415 14.887202056632292 0
2.5697175275154605 5.351695599275359 0
3.3486958058947836 11.142250080311358 0
9.508762262139607 14.969784260364412 1
2.2391608297256993 10.050027267239551 0
9.691948153198844 12.047602596991542 1
9.947381858069841 4.110349885200781 1
8.566992425445996 7.832815050628119 1
6.539281122180931 1.8804348418795058 0
9.385807679977386 3.5213833633344183 0
14.319499364261109 8.037472236093762 1
8.440401796249166 0.5588808474980578 0
7.762782061708549 18.017879559376865 0
18.412326944773007 17.72179557968252 0
15.686144604309183 15.8573277963498 0
0.09336395051036339 16.909788089990478 0
11.454038951751546 18.242906697502622 0
17.561131668609434 0.7725985256446033 0
5.825393407338324 11.81780664216846 1
4.469923485183349 13.46838838038835 0
6.978470416892053 19.987583341968303 0
4.996066138985622 4.986807493897992 0
8.276476264275416 8.224962462938345 1
13.153987738436788 14.371109459419735 1
8.099268711117597 17.071751042249005 0
17.587392053070793 3.3024691831918784 0
16.890430673906334 11.0599744920199 0
2.6486749601888637 1.3392817408658653 0
14.463939646467862 17.58763263290421 0
14.989496634245935 2.7754861396028896 0
9.865882308191242 2.452016333068976 0
6.1211871863195295 4.7156994962779635 0
7.97695466666654 9.290609945957263 1
18.475787908424433 16.90035716351954 0
3.077999007335881 13.055220929175428 0
19.716476430642526 19.470088516517897 0
0.21275544671783164 16.790325595344456 0
13.56642631041191 15.0418352145134 0
19.782890348575695 18.413599040159742 0
5.052301579986103 14.757109300678874 0
19.641169297288123 11.934691608800726 0
9.094941584391842 4.982530073058877 1
12.43168837709247 3.4911497082950493 0
11.45104901184478 12.99916184226814 1
7.398497412363758 6.676899848734708 1
9.09694931030449 2.216119197190991 0
16.667012635694128 4.523756312688853 0
3.4636550508230357 10.59677728489784 0
6.670785856974691 8.991210723864171 1
10.02382566891239 7.140559162873821 1
19.733044405536294 9.326472654652878 0
10.260545839404784 3.307823399143708 0
2.5124354271087967 19.700777466757046 0
1.6599174570837416 8.039206837058392 0
7.7854031148680525 12.355151631942933 1
11.97682437050408 15.781428078585495 0
19.155145569913962 15.763072019810354 0
3.86090391897268 16.951141160294515 0
19.97905905070566 18.65976994175513 0
8.462172220929125 17.564828320446374 0
2.7100382651759736 15.720163426263017 0
15.869944909748202 10.131649218265643 1
4.996022310884385 8.583213827369228 1
8.45581386773014 17.567114260725617 0
8.054962524468563 17.221202863866797 0
12.61625347940563 18.20007459894076 0
1.8493072606193706 1.2830674440742684 0
2.3158649798336106 7.708588839553321 0
11.564836325044068 1.413167780056448 0
8.000270789985539 0.7758525609348532 0
12.16569930135918 3.654617709258121 0
11.698583097782658 3.438260643466069 0
5.816212878789453 15.727422190381867 0
16.626491758972428 11.217628209575262 0
9.964390557047508 11.330889139465832 1
19.278066723117362 1.3942225720653734 0
12.33562352726687 9.99372867517325 1
15.975972654828869 8.628252153719307 0
6.665477025262039 7.251095666855695 1
17.479808845227577 7.795290683601371 0
2.910223846278106 12.080933708513804 0
11.463606262562308 2.22410172653539 0
4.9062268398347975 9.082931742060268 1
8.527876833672504 16.791771579520645 0
17.86146572155657 8.325669541472626 0
10.480990443112056 7.619212585842896 1
7.08934323178527 14.511256227553705 1
9.156177232038035 0.01327598697516752 0
9.329084841018583 0.38949133275170134 0
11.299738016173052 9.868576821094342 1
15.962215288625677 9.329491444398556 1
4.505331462034778 11.255297694794539 1
11.187199861362975 2.3702599110585187 0
14.562137472513081 14.467455882735699 0
19.533686608378382 18.78859253040843 0
5.750959024810138 19.98885521329019 0
12.78533173115505 5.39060366463821 1
9.86762447064402 7.442170995340172 1
6.29407514947145 11.000456144797116 1
17.834153232144526 0.32468798864660364 0
17.760472888848764 4.631229537925092 0
14.766340282995829 8.658159972418405 1
13.694984893065207 10.646959190883194 1
16.449393932382897 7.349046884232813 0
2.0638197860913343 9.252631484905072 0
18.86020975053327 16.403001672987997 0
12.051502806549896 0.8610298724895449 0
19.814893878385934 14.067179183663283 0
2.489414749521477 14.793828005946995 0
2.1421365983840412 17.535352175258964 0
8.978034647087332 15.145623286628414 1
18.111972532829423 13.122197102805659 0
9.91659791881295 8.596142615345784 1
11.874589765913683 12.463979659460474 1
1.0646126715533244 1.4762522926664667 0
11.673903496706524 8.057021402620698 1
18.804008570072636 19.967641496685967 0
5.999019107331027 11.551171315507265 1
3.4248505496162185 1.1239650332724027 0
12.035852679648702 16.89276507901253 0
15.308698395961544 13.851491815123198 0
17.586178109491254 12.684847969181462 0
9.780876873918062 5.07005310208698 1
13.923236468223244 15.11517698645105 0
7.900523698228874 18.940019574277688 0
19.589315827322157 7.068957369647196 0
2.558741580506052 15.400116113902474 0
2.6934892102372254 9.12442646770337 0
13.51601234922745 7.180307735824818 1
11.906756099602516 8.451934828079285 1
3.2684738194204166 5.593690593715703 0
11.844631593390302 4.131821682090502 0
6.8324727661645035 5.017225405085856 1
3.353631642327395 14.834729192985918 0
10.656726167125983 19.493916681271454 0
6.798963121329658 18.650747617281638 0
19.680723719348634 19.95691863391482 0
6.556237975064136 18.459026482667394 0
16.254752533569736 9.965152507500907 0
6.618803630317132 1.1944125940139072 0
17.257857702834716 0.5042469318635945 0
3.777480618051152 10.631300070462874 0
2.653108398299633 11.702338689208222 0
5.17239436036742 13.157513834293946 1
3.089810775915647 16.947108996647785 0
18.036814096324573 5.05461117515461 0
1.2916556124337841 3.877453882890256 0
15.836506814314436 5.7169037196604 0
8.548566436723398 16.357375336180592 0
16.651795066259353 7.75137460386917 0
4.97254830845211 8.969074121952934 1
2.8357815246462303 10.045096575686774 0
15.09391101264524 5.180410735793364 0
8.514618365819755 13.3968197291338 1
1.7035332877896647 1.0947103115533063 0
5.8301850480147355 0.12954737730842325 0
15.940743755062748 5.633354362767376 0
11.82949838310774 7.003474404264822 1
13.970903892597448 9.771819072443176 1
5.1102757243293055 6.752205243286165 1
12.809731918250609 15.248299003942199 1
19.947184559618208 11.133376107248703 0
8.79698627963585 15.418990989171348 1
11.869885867231698 4.980611433201549 1
19.224443356438496 15.581973680423305 0
13.223536624810531 2.9923777243044225 0
17.592891538322363 8.992325238545044 0
4.714293040293935 6.374904090300035 0
14.803451660909253 17.09501993603418 0
0.5421906253168962 16.061421189592533 0
18.971157972922814 16.509141097246896 0
12.349305144677308 18.645312643767053 0
2.32215174588996 8.427406485377007 0
6.505251116453015 6.4470234973379 1
12.224423076120704 7.186146037653387 1
2.5781338751304994 10.554400718924676 0
7.622190614456397 5.209329841419588 1
15.749161692924945 18.282430198630784 0
7.164770044124267 19.095161187618594 0
11.959513112475042 3.6572722599740137 0
11.751752732572607 16.49457682250131 0
15.31101083478898 8.036788902859866 1
18.288688280976725 14.35458396665025 0
19.478844575998526 9.737544750581097 0
16.301603689760377 18.722357667069737 0
4.332426534129019 2.5685336395290226 0
19.194778078737368 17.64222439995107 0
17.556233837618887 18.371952600544887 0
2.2382735849354796 1.4893685267146939 0
15.920464258398647 13.019506612023598 0
17.701494870614145 12.311455788994197 0
18.886672929468922 13.001378469577379 0
1.9640824826714565 14.357990840212443 0
9.157375273703448 3.172011214213055 0
7.888397044929625 9.039489940565456 1
8.655545703371493 0.5664614247955035 0
18.5693301994729 1.8971836191451685 0
5.4079189877845995 0.8600306861411511 0
16.076413508921803 16.021441428745085 0
14.10688325221151 7.820849764593126 1
2.3917509827996586 12.695389233728559 0
2.4100723517825706 8.60537817109664 0
12.601294646430741 2.426159339667757 0
9.359073882634005 1.625672853426916 0
10.834847383841984 9.73838448443747 1
10.396599713300352 13.994073778974666 1
14.32261267724148 10.961224190044978 1
3.6617335364397885 7.023880860280068 0
5.112693036992488 5.968830935335323 0
12.148015971600678 8.401346333602334 1
8.666691182592272 5.059004791839974 1
12.73247381397425 9.26920540248382 1
3.0466994186966723 17.200157262179527 0
3.408175947326202 2.525210762757071 0
14.62939402195567 3.049150699507197 0
12.515250104111463 10.155656479149913 1
19.96778916169984 14.183287613562609 0
15.763939128044777 17.717152685477988 0
17.381033623420247 6.497548516328324 0
11.553518664862443 13.192505338345041 1
16.159110562707262 1.2532309657191099 0
16.115762287530853 5.824478770734656 0
19.86714742393885 18.710116331359878 0
19.566246337821383 3.9613463085422462 0
5.826145649049829 14.866158374819232 0
0.021029172005861962 11.281468958563421 0
18.67496558780593 16.132861395924458 0
12.779372667285774 17.371034009173208 0
14.460191371653137 4.018703625728753 0
13.72614224804803 0.9115244346534768 0
17.224215337605063 19.576265837209526 0
16.627554349260954 1.1348689850534255 0
9.890651804958033 10.716660672020048 1
15.194938857758196 3.9695452646531937 0
15.00653988319073 12.035455763527334 1
4.623181230097952 17.626253392976764 0
14.693208618339087 1.858851072924237 0
1.6818524219288622 9.44015258501494 0
12.2445674058924 7.478032081261265 1
18.970101179304567 6.2160696950975325 0
1.1907362028601365 10.322080376376041 0
5.723651391281699 10.682529381764564 1
0.7138235317950792 1.8444395029007188 0
10.82051813020998 7.1560874600198225 1
3.518411544501261 6.241699668065208 0
6.83407010909473 3.318555669825858 0
7.735618357209402 5.886075154088046 1
11.425289354125125 6.510837060495422 1
19.939562327993436 16.13828626299276 0
3.281166851153874 12.300146551279564 0
17.175547717828582 2.281868904842146 0
4.364424808273098 12.016221878690459 1
17.061135276631532 2.549713264126925 0
16.466211875563573 3.4754376966734224 0
17.857907034042288 9.820081389973376 0
5.5833080087797455 18.62911219982217 0
0.2916723999221005 16.138405284182134 0
3.637457277720657 7.199714166525803 0
8.249283842747058 19.457218498296186 0
17.695160363151505 2.9544002586612073 0
9.71696012404503 9.873136099756303 1
8.607806233068327 17.53096707282125 0
1.7903506081841347 10.669453476093825 0
0.45201077491528796 11.299937244955341 0
19.10623015954243 6.821926591203738 0
17.480484361595344 8.620555359785925 0
7.8396113390107125 17.013024190396926 0
8.820381688600854 18.30765453941374 0
10.609679742281916 17.455859633744215 0
14.5955411365788 16.445798050878505 0
16.521794231530418 5.672743882717608 0
18.57736349672422 4.182714486792555 0
0.7833849831418793 9.761510928150209 0
9.611133001775276 18.05073697923952 0
17.10767462590538 11.598726572448985 0
0.6083810618728958 9.24086668963292 0
18.97165096132079 3.5614038573806006 0
12.259343670019085 5.008726712220437 1
19.747776114228177 8.060529210993524 0
9.372641569546701 3.6351643433260605 0
6.374405876487681 15.099245212282428 0
0.4792094886939946 7.197056136008111 0
15.791136156985132 7.9210325951683895 0
18.499420235824427 19.17094038578745 0
8.517393997891949 6.513022922038636 1
1.6073664160548629 15.270384024317812 0
10.79424119624103 18.58566870888456 0
18.446590156906645 12.002655687876317 0
10.940489095756122 9.079163649787104 1
18.576663190999604 11.550480460137802 0
1.2569841978308305 2.8311015385608607 0
9.76574210062035 11.44438901885777 1
4.095335193172229 6.878452056916049 0
13.073404254797982 2.7234922893924907 0
14.616706585448874 1.4367947228569977 0
1.6244856482812198 9.018925899454274 0
19.328460156474513 4.855870372873843 0
8.191746719891794 8.301600349498894 1
17.775241193058545 1.6415567716730717 0
19.86976013315069 1.9019806812069429 0
19.43424419904755 14.024752118894366 0
7.229229944512429 0.7394853474209717 0
6.864359109660725 5.243749541026343 1
16.627094275325437 14.353869134924297 0
6.825270594955675 5.185796944910925 1
3.5674063665554123 14.74647342685901 0
10.654661931148958 15.968716568228938 0
9.159990317231347 14.93786978447427 1
12.557244840579688 2.207860184320749 0
18.95985773050983 13.641407189538157 0
16.822312270346384 12.359807410863755 0
12.36374278365667 18.90425740092272 0
11.096283930923219 11.671947391169489 1
6.421156183437347 10.435448530639702 1
1.8694379320843058 18.674688486536372 0
3.8700644380269944 9.439474405322311 0
0.5637319118478579 1.9187650615681773 0
6.272045155062522 17.600809359960678 0
6.8200761882580885 15.149877302242675 0
14.239621969121128 9.533936894991498 1
14.315355388994861 8.714149559672837 1
11.218048175837724 11.62130764444904 1
8.690381359748311 2.1777527307654965 0
1.965588894699093 13.514616069108714 0
19.26706710332801 7.6296249594562155 0
6.24159309286102 13.606340418698226 1
8.362280108914264 3.9461550753578933 0
8.528212369233563 6.344696994087007 1
7.0033787132898695 19.024392374013075 0
15.175539003932425 6.961358454146643 0
9.734818341324656 19.784872816164945 0
7.1799253213478 16.08281072384969 0
11.334942164799699 15.386214622544257 1
9.612417715286323 18.22666488550009 0
9.545109237040862 0.7796239451404419 0
0.04987266971482551 11.68955064691059 0
10.1676118058725 19.487132142621395 0
11.625776565321509 18.79022416206462 0
16.69758788720909 3.232776698614055 0
8.503679451770852 5.479837735059256 1
13.52285987487257 11.352394392271103 1
13.451691953820614 0.3221835880826385 0
9.140248458593367 2.329888766233681 0
6.310009153201525 5.592526260672819 1
9.748826583781327 6.672363735148394 1
9.377285954033987 5.317637461794029 1
6.31184183099476 17.30114706562843 0
10.057894015424246 12.120790653603288 1
19.39878589592147 4.676129572969252 0
7.239323859207499 14.129827871689166 1
18.081614528001932 16.43741962482659 0
11.75516299896655 6.336831226294512 1
17.7182158475706 3.3057728517454343 0
14.575065943500878 10.936318249666781 1
16.778444317788228 18.066351917697055 0
3.843258714389668 17.0526627197724 0
16.343997200888843 8.020399675182002 0
6.113096621827518 7.035194489602623 1
9.937460868324619 5.661351484087271 1
17.224499640951592 1.5537980682831454 0
7.7431444057809635 5.387667484217555 1
16.16662325529735 15.971352117319402 0
9.33531967748888 18.118039180228855 0
7.1801727861195115 14.602854497287705 1
17.62565338470863 1.9091398836708962 0
17.457035972778403 14.170136036532186 0
17.638402831526896 11.741644744748047 0
0.729951540424636 11.39790149302941 0
1.9399842807643286 1.2646119262261868 0
14.54051097620077 4.754968160296771 0
3.607542676249753 11.071076657190337 0
7.2026882342262555 18.992974300205567 0
13.350167075294655 5.4175846566447845 1
9.543584475487265 0.8771987841423279 0
9.3290902956578 1.1196366486610532 0
0.7824604260716028 10.11452276070739 0
19.791844222874047 15.70341880426746 0
10.438215949331479 17.80569132906702 0
9.301921568754034 14.00236294551037 1
16.38451839766632 5.182247454863491 0
13.246837189708003 19.551163526882657 0
8.738096886999285 16.207718575155702 0
11.534203386874175 7.500596989268611 1
10.755573361121984 12.043281080903265 1
17.553251016375746 7.810076404050221 0
9.606969733869482 10.86631985575015 1
16.651915123514314 7.6661739009896746 0
10.342666936884118 15.452477427735708 1
5.091035432369511 12.057387567213329 1
4.342934935731142 6.783206793203513 0
11.799849334222083 9.176236544560066 1
12.834045080822335 19.878111804994795 0
13.364935612896833 4.613790160630673 0
4.895487768186399 2.4804234695756278 0
15.112405590225574 6.306418201354802 0
5.351659392742151 14.734188731481012 0
0.6877505981985443 4.089819170374421 0
0.10483477233886873 19.945279689418566 0
11.634499709580854 4.209864448135637 0
4.903224632997702 11.329851124444616 1
5.705767309104768 4.517527793707517 0
1.6019912452069662 7.713418385523598 0
17.127230654087377 3.384070500701306 0
10.802702412287795 15.535359636056443 1
12.377283897391306 3.4957576552050362 0
1.111570798676611 3.432212607956524 0
1.7399881271458173 4.335367027440544 0
18.286886149234807 9.756407832451297 0
12.304099804350257 1.3755040894908954 0
11.879406916832984 14.821142970739118 1
17.90817541385391 8.015909714930567 0
0.929207663071181 11.549709538270003 0
2.189681360218636 12.109894672073365 0
6.117457138232054 4.180901982947689 0
12.040023354031351 3.1646378761953553 0
16.398958589341003 2.9858448030908824 0
5.983962562352028 8.579744731033198 1
18.98079772700056 7.11222961704622 0
18.45328479924985 19.199227655056422 0
5.847037233381682 13.565816232052082 1
8.105588645042296 13.506119482973727 1
7.945600843345451 8.09757506358718 1
6.232145015837505 11.64984331413038 1
14.406139348888999 8.91854860493485 1
15.288758542668116 15.92009951632047 0
11.007698074769213 12.119213439885634 1
2.88500413796837 1.6404206655109177 0
16.209771369357345 6.296231104702857 0
18.56364825908295 3.0382740436650724 0
13.949697579482617 11.881463089380077 1
11.244151247201078 18.887193498402244 0
0.8471592015085272 3.160683046033217 0
11.737873558688372 13.094168595455141 1
7.3292176209963085 3.869504976505469 0
9.633528346509522 6.804370769968258 1
2.4785186711358276 4.570756426759413 0
11.239945576389152 11.78740999770665 1
9.725231836849776 5.489495407797438 1
10.101666526037045 6.014542028691059 1
0.6534623073229495 1.9789142171607454 0
10.511700268234387 16.143530591362584 0
16.865533544913024 2.468533535438744 0
9.199865001941582 12.012696384237923 1
9.372240353956913 11.806796316686864 1
16.49638200862534 12.350495034004043 0
7.789078803301413 19.224615693536787 0
4.0436737221330254 2.9075835805630734 0
17.330412788911623 1.9304155638637766 0
7.200276370314775 3.612196265885703 0
2.365960238062985 5.816946804458556 0
14.79164700435658 9.075151022177163 1
13.62143113912872 17.574634821194365 0
13.440868696818617 8.353504238487531 1
17.097944516088628 2.023462894578838 0
15.747543881265667 6.096378278926322 0
10.00340261939696 1.64152441781108 0
17.309856203998162 18.285248612134605 0
2.6553912450600525 4.395364169738452 0
11.967574741062242 15.271326633275017 1
11.784349615490457 19.02106259552292 0
17.864339319510968 8.653320298090527 0
9.526713461826006 19.410294684412012 0
13.33082613989304 3.3374153448578947 0
8.76694155296664 17.43353433978761 0
15.679472407904774 9.1255432547352 1
2.580027957340867 2.598106198166823 0
9.231284343619455 0.665259421230906 0
6.1500289506075 5.903793190018769 1
14.352037977265885 1.3446679636315761 0
5.716693632920096 12.794384698183379 1
13.461179510736569 18.33858415659862 0
15.791930263917482 3.4405293617894794 0
2.8910465438564636 1.4055571485842089 0
15.023944677922344 11.189327778124223 1
10.91096455897944 9.040492573131381 1
5.402333653164706 4.393632238823885 0
6.75026419163143 7.6192763261666 1
10.205753261232783 11.252967891905506 1
4.64417557695614 7.266903864182646 0
4.829964305059575 13.702916205400408 0
14.782762779267324 19.89119012928992 0
4.005367975548126 13.742061999566852 0
11.534127385126345 15.420321199610918 1
10.54360663998951 16.212010552087186 0
6.886643442368651 14.043407033902646 1
2.508454552102395 19.22703830068429 0
13.342928212148433 2.6986672529079447 0
1.3125928822961752 18.292894143162346 0
2.647219447031497 17.42344351262892 0
0.5671276293816407 11.838379140589698 0
13.231624012956544 4.476602286951459 0
1.1460130895885579 3.814646315704935 0
8.146399611417369 14.555588499886005 1
5.156941566874074 2.569814249684681 0
17.04697993424077 11.704887931728845 0
6.46251795236259 8.160140002250058 1
18.43104827196968 4.939639956794071 0
19.67645834931547 16.42486051506666 0
12.884722069880342 11.146681186849445 1
0.8512745202713701 19.12527783347729 0
10.431271502049583 18.593619088702475 0
19.51283272402547 9.445897671689314 0
19.468817667160362 6.358275648637754 0
15.63459222671076 6.952798816812152 0
10.343721140751423 11.356430033201569 1
15.340074949359215 16.992211801864087 0
18.782423660779962 12.001564151459593 0
13.848395570392958 17.16686375492373 0
7.743497634781389 17.272964419577267 0
1.8466238383738753 10.292554686310623 0
4.659230039102953 2.11771227634431 0
18.707937723409746 0.4728843286011153 0
17.363611161759316 13.685925597233952 0
8.982581226099693 9.74162082046617 1
9.957734540997802 15.281121423744878 1
0.41595461353934216 17.7878482289595 0
8.127770548938118 6.258633446348383 1
0.9652095336318967 2.399620081493503 0
18.47282316843704 2.3569702687559 0
10.891002276040782 14.143648598530909 1
13.94497379821572 17.467907171230433 0
14.084958009456923 16.550404404922105 0
16.618186114930726 15.56717697444695 0
14.824260655240067 7.261038842602918 1
9.375236921030181 17.874307253595717 0
14.637351938763736 11.817676889930645 1
4.469235657868785 13.099660676837555 0
8.367459993136562 10.706068202344934 1
10.729582714500765 3.5111042177695984 0
18.267920329497287 15.869003806694586 0
14.715570833990807 18.87440207253465 0
18.5041803685736 12.2224068085191 0
5.02046299036321 7.284329892763594 1
15.357836137834209 15.734007124208933 0
8.603327249641906 5.54177243526593 1
17.455177823065956 3.440068560375269 0
11.856307032355854 0.6393045792015895 0
19.921791159080996 10.680762291239622 0
10.04584291652967 9.279468707822813 1
13.643261791789632 0.8218581824404692 0
18.95826368369771 8.921551878118013 0
5.0876790743208815 4.200047019138848 0
11.46334155519902 18.667604180899747 0
8.21988471661945 11.292396497058101 1
12.458519286009187 17.428863252935074 0
0.9797655143892992 7.967257028541472 0
4.5218343620155155 3.1142258772179465 0
5.34734881673301 14.567322643953753 0
4.4240924144554565 12.8157436707655 0
2.991318091994095 9.383252776377189 0
11.788143996724996 1.4234840299044182 0
12.875973196599197 6.348487604986948 1
8.996176883860345 12.128125495143344 1
6.79738763272443 16.55440980771603 0
4.001544065076505 7.262841851021456 0
10.597232311508431 16.04619722490089 0
6.183915336786894 12.288952579955279 1
19.89344579285222 18.158753596862706 0
1.5049381586208965 19.513462419568032 0
5.628022783602384 3.980327513361417 0
13.390448135771749 3.1041965702262764 0
6.868930036200802 9.168994413219814 1
7.8162809553489705 10.166133044941487 1
13.426122295646179 12.979104606010273 1
6.152749358678291 10.649790182024413 1
5.845406352375693 12.787225498337607 1
8.039932593516273 17.28258097209044 0
0.2369146074771611 6.308684677691446 0
0.8435991293849643 5.289414384198279 0
1.2079378815209818 7.256702127347239 0
19.326943548786158 11.368475885044173 0
12.27424068709136 3.048421367502969 0
19.586567676419442 9.646920090053063 0
15.700910112133897 16.920069342527388 0
1.2853267021115933 6.641277931931386 0
4.7443282070105885 19.07254947414727 0
9.899084074775157 6.805121642526013 1
9.677329235974948 15.628312212550954 1
4.162158729148393 9.156577907524923 1
1.1947080325983572 0.1687407912619232 0
5.864074444423643 16.491842152539174 0
2.803496656783644 6.725929301833187 0
8.28182903238493 15.46016591965375 1
10.908445862233167 2.8697291075591402 0
5.522709646206292 12.611628148546368 1
17.94407029739397 14.760984097400128 0
10.823480948630804 2.8520010458438927 0
1.1854026925010208 17.93985785281484 0
4.616136914270113 14.410777558600817 0
5.432355509177174 7.9173256211318925 1
14.262945221311309 7.937269940791887 1
8.616470188576326 14.76405996001269 1
19.296431904453215 2.156836288628925 0
13.81757486901163 4.268804549967992 0
13.535620317214565 10.80422327058665 1
16.371526558491702 3.3935021561034873 0
7.046004528820595 1.4837271747335956 0
17.074885948906843 12.454110344353902 0
2.0123113856083985 0.9862819698758529 0
13.817485570773322 3.044304883079625 0
19.748367905095677 18.370193060649147 0
14.788292127700975 7.036386972490877 1
16.26377033111548 19.00014051072779 0
18.71815434483502 11.411549286653713 0
11.796428485627173 7.520877356451683 1
18.002843228331955 9.27765678952766 0
1.8322631280192092 12.540490395286575 0
6.133592092464659 0.8910263151535713 0
11.932272361845158 8.5212836065656 1
19.29236235241025 6.2510192939728775 0
16.53643323463647 2.3463172424766565 0
13.633649670836789 2.574876350798334 0
11.48587712117048 1.354095415689156 0
4.347004187721293 18.638808993262053 0
5.423846595880848 8.730667708906497 1
19.13280364881767 10.557528961089194 0
6.761145559830972 14.808444000267531 1
17.509025873665873 18.60193322127652 0
0.005045484460515226 12.008011426091805 0
4.7069993634024465 7.152292724739031 0
10.199226475980938 19.07977481827015 0
12.309235699915039 17.16927430308293 0
5.662193150231262 7.450381531000307 1
17.6018404167652 5.240659079203089 0
13.078008483482723 7.478982057233139 1
10.57840542997221 10.804953561082971 1
11.00352718837199 12.53089808346541 1
13.451363911995314 8.221598686047102 1
9.495039716562015 11.676168167963585 1
5.288336383102939 10.39854460822907 1
10.261196309669554 7.74155790978488 1
7.4611294195298195 6.106459666702843 1
18.01944611978896 18.701928577668962 0
7.7950941139767504 12.313332230690598 1
10.579013206110023 19.338657102909494 0
2.4594256427699013 10.965084100208289 0
8.857280290352891 19.342178507465515 0
5.655337325832825 15.702239735764321 0
18.27475107587482 15.097648293033682 0
17.973304193678242 1.4696381553867033 0
15.704344821484389 14.488690702441676 0
2.09142267683341 18.2272110012073 0
17.035093252281325 18.218013008611454 0
5.586302203012179 18.580289066291314 0
17.434620714281902 18.380389458628144 0
17.211346181903345 13.285498352413313 0
4.026326686207251 6.588269096365189 0
11.147062344276623 18.436742109898063 0
15.122120205007281 8.95167032824315 1
1.3969463864482745 13.907812035958777 0
3.1712577840433 11.096294697232434 0
8.889788748409316 7.342652237625915 1
7.274811573026117 0.9139754581884563 0
15.20256477539781 16.405886044545074 0
16.591385341402592 13.147233925836607 0
1.1476913798813038 16.322855390435937 0
7.737167460514072 6.154824445873956 1
12.458275522665081 11.131020542189646 1
1.052571009128478 2.947320595004732 0
13.646965264769852 3.6685389671764335 0
11.031563020497888 15.646567767767838 1
17.375355067661943 14.99965628021221 0
9.527904842152896 9.605769176178482 1
13.860638386920199 16.04726598692793 0
3.629144784834184 0.7177537092061148 0
8.250024526007271 4.480776460179263 1
11.086135273280233 3.1241135257315333 0
0.35296139750016664 14.05048768367884 0
17.16891768404127 17.816948888374732 0
6.114856472367032 10.915685180149017 1
11.928607169410736 6.334891249207257 1
19.493974658757473 11.107751692002148 0
1.5034014067353518 19.740976465450036 0
11.946606210112554 11.07982706486032 1
8.574155047461495 4.123455518907244 0
12.873283727700478 5.201362974457475 1
19.12400349944691 12.146751511904831 0
12.47109292039813 9.023807587336039 1
15.129358610180535 16.35877032462937 0
17.727133668933412 10.293587125670452 0
15.47985837226674 5.92273457700677 0
9.204132631188802 12.66674755790242 1
3.9155993543457734 4.017966389456909 0
8.25015625967751 12.483281458257663 1
11.282927498223327 7.327883506923872 1
3.267753536430875 18.124130784599966 0
3.698574220980453 19.470397703607368 0
17.085103163123165 7.6202248927674425 0
9.278289494016697 11.700663788910822 1
9.282571364703065 9.701450024320856 1
16.310435045395096 6.013522565435158 0
4.8756203142367305 1.4027594922423492 0
4.498175059592411 15.888398602022429 0
17.83212772226109 14.418122217181892 0
19.014211726405094 1.0327272511163499 0
9.428061764319065 1.989439412250491 0
7.227301142497069 0.21581040325519218 0
5.377090691087025 2.958506094216906 0
6.860465391271351 0.8878064307726707 0
8.906947422913856 4.935533852578995 1
8.977992619070951 17.476597392252405 0
3.2479848813101797 7.767367235250804 0
12.890023011821585 18.743809719832157 0
10.858755552137737 10.129268696265196 1
12.571831870699608 10.90580727868917 1
7.902994128654499 15.35075290934141 1
0.5109102542772281 3.3016465220714286 0
2.963935268220752 19.31372230730919 0
2.446541939035558 8.978697917215143 0
0.3939451928861226 12.163805496345931 0
5.22584591112345 11.839677282438664 1
18.155073815330972 8.578671024347244 0
6.63691421775688 9.29489667960679 1
10.463157822918143 19.18888077873895 0
4.00829993615849 9.503242563306895 0
6.5050117493718655 3.171043033829497 0
16.35241202488359 16.919065647901803 0
0.8282844237483089 11.221984979380714 0
13.67220037214134 16.19504609595915 0
6.287299104143509 12.645220330558487 1
4.0356491008003115 14.682591780551872 0
8.738791938136972 15.552685574131601 1
6.57141398718357 3.253543668881267 0
11.380154598302836 7.992216547637865 1
7.778327415533839 14.206875311199845 1
18.82065865615623 15.641188510763895 0
16.846250083330332 19.70342286934853 0
9.778597041386714 0.6713927252412133 0
11.960246434887045 13.855169733508566 1
10.848215975850014 17.909987916478638 0
10.617629841998253 13.894163663986694 1
13.816998935589186 11.249763176359322 1
8.75925129795705 16.7849205135802 0
1.2811857225252488 1.1686662208307563 0
11.294804883131008 12.980007336810475 1
12.27244240942635 18.070819636386673 0
3.078090904083759 8.799920628189595 0
5.252920105731606 17.138718556499178 0
13.018349894211338 15.04197396389943 1
1.9072211277921691 15.22128850640419 0
11.3270170949386 0.29672245214745985 0
13.799361405078386 14.274244208942662 1
7.448773836957323 13.79489750097189 1
0.34497358750298135 5.989135891355639 0
9.47905616451333 15.752199398377815 1
0.5291108045901005 18.96034292177204 0
18.165669791195455 12.58283518304744 0
14.108448155703579 12.913287787531228 1
2.0296216651265353 1.7942790873797465 0
1.6021702443515662 0.4858440277446552 0
10.763315513503217 14.454535419969787 1
6.847172679843803 7.81751635728404 1
4.371438345349066 13.710581102372545 0
8.72636143395852 2.3212627940552566 0
13.048267773246149 10.081531146756292 1
11.019829325610846 14.826081637911932 1
16.377814314608592 1.7747462357226862 0
2.9979986186156182 1.8676389895629875 0
10.559147985603214 1.9641279916753263 0
18.91433812518627 10.187220870173714 0
16.90400844616771 7.306496557777065 0
0.5188070938861178 15.508468797196988 0
19.90949412092412 1.6105319450193845 0
12.171765125468587 13.391183186753096 1
7.872498379431104 18.355341340171076 0
0.04973589004441781 7.9831471229886635 0
10.208176443246714 9.756996606537978 1
1.395265365490339 10.987708297277393 0
19.968601547894735 0.03679734192461703 0
14.139437570651873 3.3277852841312527 0
11.442893963724497 15.089080367797889 1
5.773859275937725 4.396740246527644 0
11.26165928744051 11.198269799180935 1
9.534828861483959 18.76790009477475 0
8.900909657013385 11.742983141564844 1
15.549038751148858 8.690514557602464 1
14.23576032024297 5.542275374069674 0
18.000467440809913 19.788590587552306 0
15.859677199042324 5.934436621602501 0
18.269434232138586 7.921557157449359 0
1.6567997812372814 0.7276443905183272 0
10.488299085042119 7.9113846155556145 1
17.919674082425377 8.653220825536966 0
1.1432090178514653 15.257932437723895 0
16.474351312237875 14.972026949021679 0
6.513226272760486 5.734945236465512 1
7.294887400050549 17.90830478378417 0
17.779368773848546 3.1985648520777055 0
8.991492114322757 3.116110632256155 0
11.240878681501261 6.63825233346099 1
3.7396360509778592 11.544247837683248 0
15.649154617296922 8.121039925932074 1
19.418921042474125 2.4067925918989497 0
14.245960990139244 6.3702739215848485 1
18.823510789845162 4.29292805884473 0
11.090195251206296 16.649642592688167 0
4.049914649207766 10.99770227429386 0
1.3891824143544795 4.944106231008572 0
2.301082156462322 4.392203646031114 0
13.232252646156262 18.441652660850217 0
13.679212243331351 2.125797467751487 0
15.982075874843261 12.544540512919614 0
7.002938408984769 4.012971621391657 0
11.683785121679932 14.257299060516848 1
9.87646422657788 2.325664422447109 0
16.623096112960333 9.930558389372115 0
0.9912199116126374 19.422005859959647 0
16.26442031408201 16.182984061011886 0
7.187673165776365 14.841250354684078 1
6.360192047631045 13.219659674674148 1
16.17172708282998 7.565125687702244 0
7.329121635532047 0.3806333463543732 0
13.31540121563963 17.376644045926238 0
3.465286652692554 13.993046237940185 0
15.70036646571908 8.320293023186167 1
10.33341696709477 4.51301047197436 1
6.747103778698684 0.5680240926139901 0
15.609073007698305 18.105287313758254 0
13.212619062263242 7.935580206153336 1
4.778194766579329 8.574554533530458 1
1.9958821590043763 6.519293086679136 0
6.59042163244761 9.408371712845305 1
8.060063225064049 1.3361776528625091 0
18.230719381992024 4.036575141843763 0
19.61345409434939 11.060444990036034 0
6.545750184529993 14.820120614890559 1
5.329769220631428 5.372258820155597 0
19.511266010028866 6.538824311267568 0
19.109118885136624 4.586019476862699 0
10.88742022217474 13.372111974770252 1
5.14923381845942 16.245376326750765 0
3.10017835257951 11.417535746276348 0
18.607718390474982 12.9492690086487 0
13.587511166721107 11.514110287617989 1
3.105080756747669 1.9090581939426654 0
2.258009855882215 11.758177371352351 0
3.8609377599661387 5.398225807745172 0
13.726365060578747 19.033671864005058 0
12.794850361431081 12.595758111115545 1
3.5030437799756986 13.88800970531192 0
5.095304822303457 17.232495249922906 0
8.84901836069848 7.596851349945468 1
9.162175267191849 1.9445190408177848 0
15.428363602682907 10.576742912235408 1
15.279837272800892 2.877529260508984 0
13.452513547841566 3.554029998881496 0
12.055539294970428 13.492981130635556 1
13.013105762213526 3.6645691031504124 0
5.975407942508499 1.4513406505845894 0
11.226667960578531 13.985944465300356 1
1.3916566874862868 14.449585073640103 0
3.5770509664560546 14.424552033653113 0
3.478748986224589 8.022620420628323 0
10.3930523814188 14.059220973779173 1
3.2848572699195078 6.019667909589312 0
5.1165279667774 4.578304490891627 0
19.227968107110136 14.067177964116341 0
7.303050585677595 18.47038444549765 0
4.007803476814001 13.021819513087841 0
13.030036839565062 17.823714264380083 0
12.160592885673985 1.0040596700278903 0
16.71428059024106 9.97060388095373 0
13.625062888633384 1.214020741218056 0
4.5822134342530525 19.04399471621993 0
2.8893926958115324 13.887416355687009 0
6.098447221969591 16.603515134171662 0
11.05329474582784 4.133939792560721 1
18.640349836633664 18.99614586745428 0
14.320119557464736 18.16899300297172 0
3.53335644877409 16.06241793380475 0
3.928407055023162 9.417872915401727 0
6.314277483259215 15.291774224953738 0
14.409368465406356 14.691627408695593 0
18.45073657895389 4.224087517416328 0
8.430476236709708 10.753275417255324 1
4.455867973126521 3.4538380823035597 0
12.85951409481611 19.926064411410177 0
12.411400745485107 10.514748149860447 1
15.528621013743857 18.20985358127161 0
13.897476536023884 0.9038556753034688 0
15.658430982396016 15.16133758844602 0
3.766795195544499 8.252974155156206 0
0.22445809423634167 13.66456517830591 0
8.614025581192607 3.7301550978856923 0
18.57748348501008 9.186444434478997 0
5.3582061329838915 18.405562390978858 0
14.0459396478103 4.6061690664394845 0
15.943258263670062 8.036836181128105 0
10.420734848399507 4.9715489964001875 1
8.211729031204943 11.101084037119014 1
18.25151528274265 14.829508102298423 0
4.90382907051486 6.665839956321699 0
3.99511961465544 10.046477947642183 0
4.585238656187219 16.564180021227614 0
5.828521722207074 18.602595050627624 0
11.579308546321545 7.713537629645586 1
2.8937482180457086 13.07960082459925 0
12.965277608694674 11.37661523643377 1
8.718911246735379 19.178520923019516 0
14.03525340937286 10.204481136672685 1
7.5892860266131805 12.762784064622124 1
6.164108309109717 5.20956666106394 0
7.1104418094383615 15.789521384416275 0
3.6814286955169973 10.087756923471865 0
9.096221391171245 5.610064413470283 1
11.328571239876332 3.3449356613582815 0
8.545167119971735 6.27625367717183 1
18.565455382617802 12.641902487263824 0
9.513284188903985 15.643985673503064 1
12.848584294522073 16.0671243568255 0
1.4511134578144125 19.069594214857965 0
10.00283318591367 13.187138355607832 1
9.496244750004054 16.8024969693306 0
5.8207123966567 5.876580207869346 1
3.2038512190131296 10.840360566495983 0
0.017099984794632928 12.909509215633818 0
19.223025320924823 18.075368297427893 0
17.303697831559283 12.887463516063873 0
11.051904006038399 14.7063118084147 1
12.215693740811044 16.281904011104306 0
18.556212884543534 7.190463775943554 0
6.636056327231565 14.70011923401034 1
2.5402823210794434 10.204424551211769 0
11.792285500963029 4.22960280950022 0
8.480824775643423 4.018648405360803 0
17.17647345521953 16.056547132455613 0
15.539844787261782 8.778077194022806 1
11.316460876824896 2.9991130837299385 0
5.821887039201641 12.47535316416055 1
2.380939507423523 12.345558001223198 0
5.492744849767133 15.418772675783067 0
7.840711098062359 16.291042084523983 0
18.64105749740943 9.942115255851963 0
14.65307399402783 8.262238574508153 1
18.084033918375205 19.00730442934749 0
17.289740993906936 15.977557771674034 0
12.055512079495907 9.852560419849079 1
17.75423925485012 11.20380025012074 0
12.199867910169006 8.634737085452201 1
13.081099177182114 5.478600852058433 1
2.97966904683872 4.721768245171434 0
12.850717127598992 5.707258125101228 1
0.991095523549701 5.730734210288826 0
13.264565146071373 13.093715601413209 1
3.135043629987373 6.010443890249608 0
8.325837977447303 1.6260420270629772 0
3.663683731963563 12.111919645924774 0
17.882985308259705 13.774071693249834 0
9.881070706053274 16.305594374696156 0
15.927033725199788 14.504709700843543 0
18.500718278851128 12.908771026531365 0
4.103779560976914 11.159367709700629 0
7.2538890147191815 0.11957237939473675 0
15.116691462546738 11.06929489450155 1
2.218748026567796 16.680323635902003 0
10.677622155323478 8.718363834950287 1
12.359909978616212 13.714234001985915 1
10.762125109486773 6.887142097977992 1
4.713286016084936 12.317321551785378 1
12.311785601696448 5.441609317158356 1
12.072867457311723 6.60821138229613 1
7.0856597558775025 9.420692485673413 1
14.239773148673276 8.763892380732372 1
4.455400962945351 7.97708005665188 1
6.36504117129181 11.329854607158927 1
13.524135405831341 9.757770930130679 1
6.303819027076374 7.396886991439735 1
14.403157307064099 10.05172412547486 1
4.69620514284477 10.656726460009052 1
9.967311679472843 10.954280270420169 1
11.25137699271405 14.72732765812663 1
6.9212576973457125 7.008019396551914 1
12.132113567471716 7.770773029310631 1
9.964067647524889 10.639497967274796 1
12.320749607223014 8.46090104125032 1
14.676794601529144 7.9189873539977285 1
11.963795050159533 11.86497394944951 1
12.554523658658008 5.7651179085825515 1
10.450931893115767 13.993219036227817 1
13.04157196963599 9.786912569052602 1
11.069973313040526 15.805841490301 1
8.82956798040338 5.871263254452394 1
6.316928593091678 11.166779784097855 1
12.052323058139615 9.038228369004331 1
13.613144035242723 9.749394968640637 1
12.18644633540238 10.277960270985112 1
5.706555874205906 11.28435957317015 1
11.894379595973097 6.8232270151580625 1
12.697290954790951 11.24642723215562 1
9.837981065081678 15.054354784505593 1
5.230167113408937 7.992819522370254 1
12.099441078337176 15.584893226960556 1
7.402719183746109 15.199158770681631 1
6.799215886243559 12.512253227589571 1
11.666779100495866 13.910915333139528 1
7.324040283742095 12.804869848928671 1
7.359425106771431 14.119546080593526 1
15.57170402049038 8.441929421223442 1
4.678393943601118 8.527026245011317 1
11.220287197839163 6.083348211750339 1
8.557863657983875 9.194096411544976 1
10.430977950693944 14.781442528435118 1
12.476269997951084 13.70771847495627 1
14.978586086496847 9.736068271961821 1
7.879714205016044 12.974963292152754 1
7.546493745815724 13.8961104559311 1
12.116259504399284 8.826446781840307 1
8.61184879056239 13.56206524798167 1
8.260763417945949 11.946951500259306 1
14.100880852932915 5.734496182041173 1
10.395960989151131 9.728706143620427 1
4.184144082560907 9.32983696258069 1
5.99075901346982 11.333676637120693 1
12.584459137226984 7.846543338413101 1
10.734206845311514 8.517074994249473 1
6.028607234341543 12.34908509162879 1
5.536356574130956 7.346405919486514 1
15.175348045573287 7.845963629252806 1
7.007717485675409 7.278910599172059 1
8.807865102269739 12.830809084125113 1
7.794133424025052 13.36807400127766 1
10.970792768705813 4.488310986891946 1
10.459023726693085 4.840678742516853 1
12.204685811998132 12.715918221825323 1
13.073335390367145 13.009601275452523 1
9.927128525504274 7.381117913460042 1
9.511796348957544 9.925475421239753 1
13.867762270711507 14.148962138358396 1
10.212512260244011 15.233988339914289 1
5.473104895794865 11.22302789694082 1
9.799223632006473 6.712057377622463 1
9.025698034979841 12.889816377175835 1
9.342496693583968 4.095302106677934 1
14.313764879998171 6.269015401521605 1
7.594125283774438 6.231449749559969 1
11.550437574927388 5.144775958815819 1
15.333777649800078 12.432159611463264 1
12.516579830676132 7.660561506453543 1
12.137993471003961 6.497163491936762 1
4.069518565413553 9.79238803257568 1
4.5610903780031276 12.177930469310567 1
6.315265467924734 8.632443594515781 1
5.956701961566608 10.816940527618025 1
15.593367800775582 9.762024603443923 1
6.7324466287527045 5.8400632909916155 1
7.259916256716064 5.96285015412791 1
6.996013853707881 12.091095667714624 1
11.366966098361807 6.600658902852967 1
9.514419908241365 8.236497391000167 1
8.398872735345211 7.643375969786971 1
11.765677039994046 10.148785040508825 1
5.84164970505179 6.1002381685855145 1
7.384859528249823 15.255740993657184 1
8.504197316652839 7.041829732721585 1
11.39525340547545 5.99392327611481 1
8.161752565464404 7.894909290643843 1
7.153143701553201 14.735222382459908 1
5.046984792475362 8.281012425873175 1
6.3502185824190445 14.374925782130692 1
8.43960271069485 4.380590275482943 1
13.509365783792479 10.668248120960522 1
11.88500943812079 4.922074071886531 1
11.950360722678003 11.76220461301223 1
6.033140377681487 11.60817707242366 1
4.877259442168564 8.323202150563247 1
10.542394792201666 10.314651035899436 1
10.966337454262849 7.1230909012452255 1
6.39661957964075 7.846621033900496 1
8.254396457915341 7.040509386000977 1
5.382960402042583 12.288439303180404 1
8.40255243362822 13.362929706757757 1
8.353889282205673 11.709542153244154 1
15.052313817351608 6.885220285523113 1
9.447913231918182 14.775399095039871 1
14.063424215369496 10.705998510332972 1
7.484360858507277 7.056775935174877 1
9.306953261842665 15.410692057479569 1
15.547714579740857 8.652355673564262 1
12.222084612926041 8.086278538654684 1
8.408847002168402 13.159723384197036 1
15.141224087636449 12.838548488031405 1
11.384665775383846 7.353254878447273 1
8.892967630874436 5.47920859214817 1
7.781971243641497 10.074823477880777 1
11.829090096715944 8.126576970474344 1
11.339479392831738 13.713451114501392 1
8.192463881666738 10.173442366052317 1
6.829660475327608 12.242006912932627 1
12.2098863806745 7.990729607578249 1
9.506491759434546 11.213302520522719 1
13.668876384882665 12.799991847472821 1
10.9393955469962 5.456487095353193 1
11.41932994651132 8.411755392288548 1
7.783613118596415 5.921052010902741 1
12.361841720912288 11.052996919257282 1
7.269480060071423 8.572674435673207 1
10.816948702198047 15.839565298225448 1
13.77989623271425 12.497147494169667 1
12.461122482081851 12.318968657819758 1
7.666538276315635 5.301931036876644 1
5.813986956655118 9.209111352132666 1
12.394179835733363 7.2975564002666715 1
8.997414205886539 4.821813854600023 1
8.978583253110358 14.550201610948756 1
11.058245901957736 5.351034766189193 1
14.219524156985202 12.470701130265793 1
9.470549893190647 4.086541471008771 1
10.388939907650897 7.558897553629871 1
10.534103228744796 13.783616525550844 1
5.831115456328899 7.746628221692566 1
11.919148498051573 8.246564210470762 1
6.050465270106827 8.012091487956425 1
7.472392836302253 6.003000196859132 1
5.300650725216989 9.949806507677438 1
6.942477308740489 7.030517741441122 1
5.794561850152242 10.847367423485121 1
7.250696292777246 11.331605861298943 1
4.373245274939128 9.09410561155082 1
9.696059519261874 14.656668040816337 1
4.660810153723494 8.36450358510052 1
15.374415869499881 12.442135852746123 1
6.583810633740585 8.871723585709821 1
15.710379851154197 10.81432753098824 1
9.637767350051424 8.475328412623252 1
6.313143919001174 9.902783620886277 1
13.288657423687152 10.853444535883806 1
6.463812595690603 9.581607959997335 1
5.637227688820234 12.104187463616078 1
11.36448047037823 15.570472340317716 1
10.829980991091402 13.993567741903103 1
11.473611477558999 6.539815565935896 1
14.19792105793945 7.956566658237709 1
14.376661472828937 9.494684245303732 1
15.878558654995135 10.97253689832561 1
10.247547787598991 13.292289992248927 1
10.455948104099324 8.824925738957434 1
11.926098543003931 8.946730053366709 1
11.957376128565091 12.927872257373194 1
11.288424322356473 14.505416380677186 1
12.598475630794388 15.079035361399429 1
9.309463889447978 5.567217858192497 1
7.4037917000650255 15.02282555699955 1
6.172619177723329 6.2714661416235735 1
9.429745647478287 4.403053774026522 1
4.817714535817479 9.086108353694069 1
11.534964884343584 9.245352838538398 1
7.951290702155907 6.6723383147445485 1
4.811927350157042 9.936235092284386 1
8.30258110867244 4.48022146593233 1
5.358419807847974 9.149885395607932 1
9.886905924919713 7.853592600934725 1
10.707484899103076 13.68868018181602 1
7.504738046633824 7.27676397919762 1
8.051378909577773 13.812029924144827 1
12.413575165166115 10.643317401122216 1
13.758538382620277 7.163066895380723 1
10.209663431405026 5.0629356365618765 1
8.237641370436926 6.923895631657187 1
7.401209928867045 5.087735825653228 1
13.821963347803718 9.648541427530317 1
5.627519927036939 8.977241485306957 1
10.590045507413532 10.134825065328322 1
10.64144621768052 11.71729601166284 1
11.221816973713727 9.1392374150971 1
12.850726064433719 5.59217526080886 1
14.322612819816023 6.492511596701023 1
9.90858030599262 9.411646806373637 1
9.950658259667776 6.454448100719996 1
11.359638106311234 15.437811585118972 1
8.45071289197453 9.221495674207178 1
10.105033750104454 9.578209390772534 1
10.663641969074389 8.631203406357624 1
8.322348353021594 12.42183125815595 1
5.88502011269129 6.761569791573859 1
5.010270466321565 13.309584534303056 1
12.034237800544263 8.834463146767487 1
6.070082976446272 13.532416218133076 1
5.708330379309457 10.451369592671567 1
9.951357450498124 4.088275169072142 1
10.53410959494051 15.262610855577796 1
13.54947004666867 14.215601518929583 1
8.291327135473018 9.216720896434513 1
6.659386106809329 12.228779170793267 1
13.260045648882118 13.190525285441746 1
4.994471267625098 12.60125454472764 1
8.621965288281716 15.541263855158 1
5.156976313833946 10.530045240139469 1
11.530271991566966 11.083124038250041 1
9.385817923999953 13.068212932688915 1
7.672137448609419 12.43140490180811 1
10.001005767075053 4.776521659547672 1
11.243991111389988 6.483612410924982 1
12.745901618665984 12.06197361715543 1
13.648548764286 11.81062312272582 1
13.153029852867464 7.157809133310016 1
11.871213487873737 6.945829796130447 1
11.593576229794246 8.61635248885316 1
11.681762524410042 6.36631861579912 1
13.830225521759122 9.753359331467477 1
9.45752767737114 12.988236482068881 1
12.68934298402245 14.96511677123948 1
10.092526264642334 11.279955346930898 1
8.835867367204989 12.835697517798966 1
4.653272111436724 12.470491146436778 1
11.053566736283035 6.929250190829739 1
15.584122603745937 8.267521639644402 1
9.62166163586267 8.124414533985586 1
9.127910975487307 8.719562000372134 1
14.332116209711462 8.451618015536457 1
12.805388797921427 9.574838339372356 1
5.519382020395549 11.84322990612781 1
8.867134113643589 9.97545328164205 1
4.943650842008694 10.027542426346585 1
14.241485018516904 6.223188582620926 1
5.469299995474901 10.293869346114231 1
13.530071162718261 8.596261254323306 1
10.119497452706716 7.863682193451216 1
8.59833927063639 6.259412468781546 1
9.043953208430766 7.516056323615432 1
12.833192645131016 14.90667528142258 1
5.81907471517728 9.775941388255195 1
10.585230637492899 15.066362533062957 1
10.94871644588763 5.8820918339360855 1
12.931354852364924 9.821012803720922 1
10.897505465026768 12.419046161827673 1
13.695621353589987 10.71421715073084 1
7.01623826917629 9.25966222034807 1
9.031445409192163 11.502131102398 1
11.877514057224115 5.339807134129955 1
7.272787367596322 6.861256751509326 1
11.7905514170206 9.450017077902507 1
8.052862723215313 12.373092675830659 1
12.06087687583203 12.848091092837816 1
8.991044724331658 9.233845023881052 1
12.504566712509748 5.8896822177804875 1
9.21263363249322 5.899578919299837 1
13.217645081961283 7.920889813864926 1
15.616211945329574 9.388683385630333 1
11.495804794876946 14.068185747071933 1
8.217372165011302 5.087756940694805 1
13.786383843522266 8.71877760574446 1
8.782484953159909 8.356951190480286 1
13.780732612587325 6.218868271408722 1
13.244107371280048 12.032372408141839 1
4.896040260066994 9.995029557925566 1
8.569788556725747 14.308272660064725 1
7.433172249710767 7.854734899498499 1
10.291264073058127 7.32490312119902 1
11.949306539939657 7.467508227668098 1
7.363183809769314 12.209890312613734 1
4.2971763004466235 10.214192905004431 1
10.50615244125213 6.61791298545946 1
8.081542759756427 8.661623018800835 1
14.120474519394435 12.630397278002619 1
10.132445018031378 12.942379024313944 1
15.734614528242549 11.39201405679228 1
12.839173991825604 10.016425151386068 1
11.70412347642899 15.68268514077724 1
12.256046819855033 6.848521905169436 1
4.960486276448501 12.913815177414467 1
8.230056695591632 14.948736236044017 1
7.769284118528212 13.1948113364073 1
12.555744707393341 12.250523817196935 1
10.580390046638815 13.36955692768873 1
8.030636558342518 6.105128953206074 1
11.871703617307762 5.671273061257864 1
9.384220026419694 7.784554420833205 1
12.466488949767767 15.204756924783347 1
8.672420844476285 14.176864678933114 1
10.642470321722278 4.372625063941227 1
6.884137407709963 9.457262238712179 1
5.804491056345471 7.494775112027778 1
8.357094017402229 11.13005069433772 1
10.128021020102176 6.9087333128529345 1
15.037399677407732 9.261656013838383 1
14.33797784146881 9.782614804676612 1
7.8695843171192426 10.69322321475637 1
11.448594673364996 5.15298844654501 1
7.288870864060881 8.226870796058282 1
12.901119369764187 8.214797271234959 1
5.477411903150353 6.7987664935365455 1
13.29951984503479 14.577494290673354 1
6.885460111510304 7.922198656229408 1
8.589966640596634 12.62700653011197 1
13.221877108541307 5.836918235167796 1
7.061705440591483 10.698177314306445 1
7.087600136659273 13.80572295445461 1
9.852266876993676 5.694195479042294 1
8.618904854490347 12.72971727779723 1
14.006559227308244 11.863225500820198 1
4.431308998761862 8.709266942159504 1
13.173094675516086 14.607620232735488 1
13.316186836369006 6.879189622380528 1
6.948602035133358 14.424083776399279 1
13.643554542254098 12.087714335290423 1
12.05946649092148 4.635713931902401 1
11.672883412375697 6.677416008234425 1
13.687317743473615 7.682717473550229 1
11.873475587243538 7.2112357042123465 1
7.919308523496706 14.654483504528713 1
14.220686243960026 9.409813143842321 1
12.23618802848403 7.768999125349129 1
15.796614528894036 10.509239081901377 1
10.588650412129395 13.998229355237664 1
10.158542742351159 4.1315310495024065 1
8.279938291505857 6.537574963042845 1
6.7117353161575855 11.011104365851516 1
10.50646146937445 13.110137021314781 1
12.02601234466622 9.82480708176678 1
11.011465082515956 6.923404751004021 1
15.352630867447193 11.362818230964065 1
9.86407332741745 11.92190972471645 1
12.126166208527456 14.219499068407837 1
6.4259430735633405 6.612236151795548 1
12.93716051267083 13.768877220698986 1
11.772545130691011 7.900752349088442 1
11.442307113492769 13.45024923992897 1
5.536942100624536 8.435915325597128 1
8.129697964131877 9.249397805880557 1
9.893081507574166 4.246820414340244 1
5.849511148774862 7.461090441579936 1
8.983939998944571 4.167491917283832 1
10.55972214217666 13.140207725558867 1
6.9131949723376485 9.43216542186212 1
6.818591758371573 12.687320833141877 1
12.173708212270121 14.059629860840042 1
4.979462536410715 11.984457720821322 1
10.118371627787742 12.218538855058828 1
11.954107833293556 4.329796303772446 1
7.038651208952988 6.361413658042714 1
10.08339596401667 11.972689963485667 1
8.325247165606296 5.675973734494065 1
6.337591347429807 6.907770975358851 1
7.443732372855331 5.937812148141887 1
9.997646382577726 4.406849078778102 1
13.481201140287837 13.33446140166004 1
7.7683807832722085 9.808789376272491 1
15.116261295819132 9.679573386876806 1
5.16008156659137 7.586695257973648 1
6.056972647189087 7.790587289818271 1
7.0732636161437075 6.7291027714152225 1
14.326609420277316 7.7299741891446665 1
9.445477568566162 4.125608599609003 1
6.995689101370386 8.282606617903486 1
10.097915503097582 11.992671784038578 1
13.38743891204479 14.686132017764532 1
5.976986943992683 13.456983173501772 1
10.398520860296808 7.946381326530179 1
7.368244759955598 10.570097898992968 1
14.353548338101367 7.35547785080481 1
10.946782303920166 9.511185060830217 1
10.335838612784364 12.873854491878308 1
5.8430077256484765 6.414128179381997 1
8.41313284326203 5.032465888957233 1
6.64159050027415 9.338159856194752 1
7.976902802859859 11.639421183859813 1
15.537795072678106 10.839930738338559 1
7.178797243197003 12.888751702104116 1
9.661370439493663 9.729357521076757 1
9.759700884841575 11.515779455738278 1
11.029443183979524 15.799862579182129 1
15.674464480282158 10.984175435761516 1
7.767224364684897 7.69889288440128 1
8.080377415553507 8.847995307653767 1
13.01776023862519 10.606246749502528 1
12.504243717851809 8.657253915760695 1
8.08808289404434 5.130278738466694 1
7.754144559500162 14.732744759969993 1
13.167235475930886 6.064954526293187 1
8.145714312960237 8.251151355615363 1
6.976965894135192 9.373125585253653 1
10.06093598491784 4.794340110056314 1
5.879861583852497 7.533898371999173 1
10.056579837920431 14.038319849001116 1
8.057913792348781 9.186165211062171 1
13.16958959917826 9.715231650457996 1
6.7687908074042475 10.60792961826948 1
6.923918982427653 8.08742959476932 1
11.295568647766274 10.10283369004271 1
15.503318736929238 10.895934718625917 1
9.415151054111597 5.204146235177722 1
7.350686891672447 8.313753849502595 1
8.067995067920751 10.162610393547684 1
15.832570335062053 8.757336652608865 1
12.19098739836295 11.600873964377508 1
14.168689797813022 8.35967311181694 1
5.320454740487907 8.438790648912612 1
8.045135060147002 6.455583658497641 1
13.677244602196726 6.58419072687777 1
9.067190712059226 5.387717535437053 1
10.527830488487375 5.2759527319840815 1
6.031708250388396 10.323226765793976 1
6.323415577942482 6.469299652467855 1
7.539813977597616 8.911459569284448 1
5.651485780774248 10.311193682228733 1
4.795406321570395 9.481864470005144 1
6.110456495828391 9.931023243694437 1
7.7761583869454265 8.661747395132755 1
13.691291635118382 8.035644373218698 1
13.372689233056835 10.93558226327498 1
11.013684030966198 4.868487595789168 1
14.215440552999246 8.898160079884708 1
6.424175274417396 10.292478455382973 1
13.081759739323669 12.474079299781087 1
13.07914743009154 14.222244773334943 1
9.67994190632583 11.538235334069622 1
12.129727158209164 9.189885448995962 1
9.370103378214862 10.305875091036025 1
10.35799298471476 11.85355169076747 1
12.901483554487267 12.563356098990745 1
12.558059466705762 14.761414318319986 1
14.461953620323033 11.806490966339032 1
4.428240687632017 9.826608853048256 1
10.11253750559057 8.693435162267013 1
10.308885902554925 7.419523228909899 1
8.16899385250611 6.557491230689891 1
6.305321682467948 8.916624355225666 1
12.634124585290893 10.502493913437508 1
7.073560188054189 6.7143286730552365 1
9.411181213387811 13.381170055119863 1
13.37797178790472 7.2725887949863495 1
7.555876120901552 4.595866461984128 1
12.656774743091763 12.269022631172444 1
9.814463570514995 11.221657530341533 1
9.641000798664557 5.615194509332819 1
13.713361534517075 11.509491918588262 1
12.125267392390908 12.566410265081132 1
6.357009630521175 10.481080970142145 1
8.933873030178681 12.707893309612066 1
8.977060071958745 9.940514740647608 1
11.105445353587097 6.186127714494088 1
7.975215888726764 13.793333560532924 1
14.544236638866403 10.026906967373419 1
4.960943997329039 10.247326208144628 1
11.93669159230171 8.069831800454011 1
13.887742576798951 9.377843614637428 1
13.684854305839885 7.434101767942833 1
6.287143258559533 14.466697312537786 1
13.056101041014582 13.904611135049056 1
6.905424038265369 8.278357958963108 1
9.733159596545109 13.210078923062344 1
6.09731998401106 12.06777960629598 1
11.070345111021503 6.899382261777078 1
11.211150678808243 11.827023659290317 1
13.344290414371185 8.415728683137562 1
6.708578611314411 12.148387735888777 1
12.513680569798954 11.189382978734539 1
14.303941220624989 8.466816378480743 1
14.876528001317881 9.579877296546327 1
4.2667249438191845 10.850904962011718 1
10.561730950804478 12.35240935019216 1
6.244091098901952 9.839230698353148 1
10.877914704602858 7.19294888078667 1
8.182107852590212 6.81663126542579 1
13.219546420944903 10.565504764259002 1
9.159564419803054 5.552815695343822 1
13.372382389711277 12.313938074368513 1
13.698016436642536 5.76763871637652 1
7.849124500275733 11.724914780361917 1
12.10633121166035 14.91131039075051 1
8.816040041861138 11.365033418286085 1
5.619315305185069 8.502269167167169 1
6.3979628178416625 6.079957358924714 1
10.165526528889167 10.172420624825158 1
8.804307094954552 13.094773240625681 1
14.595608107993597 10.30778353188634 1
9.58193586956507 8.588734861247698 1
10.77546906568702 13.367375943997628 1
13.208383950955158 12.40028346991156 1
12.643412058492128 15.082185814151732 1
11.517126436530935 8.172920579419127 1
12.341942855349082 9.385884662867362 1
12.888096134208686 5.407764504537694 1
11.052171807129824 8.626702932536103 1
9.95909282930048 14.194539617210914 1
6.1291036979491835 10.42799173412977 1
11.44905598805443 14.302859139078553 1
8.704750956305887 12.322291202732035 1
9.31838409006508 11.432674371116141 1
10.220699133229768 11.830993841216488 1
4.1934810013561785 9.019116025612542 1
13.985611716303746 6.392087880215202 1
9.240740566222737 13.019061278832273 1
5.067807650263029 8.759777346527969 1
11.784039941081092 15.152270948519021 1
10.030652558455719 12.917521221568544 1
14.11934913045106 14.023737652612025 1
5.626002286306477 10.33897920992445 1
7.675644460288009 6.950901446953919 1
11.674039995714477 11.405152127751903 1
12.362455522253612 14.098239326171402 1
8.227428005624722 12.743280816837029 1
12.29326398900809 9.748415413734525 1
7.88065794866135 12.63290884858016 1
7.477934554435017 5.281878211388175 1
6.089585001654569 8.701084111787189 1
10.089601738090302 15.818309808022676 1
7.849044022187974 5.318797485796667 1
15.391485593297789 10.909707756512919 1
8.59560480822148 15.723532908648625 1
10.631407968245231 12.848254971506776 1
8.193872703933563 9.665870094318318 1
13.681465058899018 6.338667604575063 1
11.12056643082067 15.23236011549082 1
4.512709954270477 10.738079176164849 1
13.240725744595085 9.479582704541262 1
5.257319448727427 7.806890242254239 1
15.718133693756062 8.435453318842214 1
11.806473247286961 4.856581898903354 1
9.679452267637306 6.984135956745778 1
10.217031370894274 5.289536615036374 1
7.573472532133354 14.91725850693781 1
7.86624275404411 13.273730927440218 1
15.533473181563417 8.80281174913419 1
12.571930846221557 6.365189203282391 1
12.09059900172356 9.005229592120365 1
6.868914873724865 9.513266066078492 1
4.969632895766647 6.747014071929889 1
5.968401583611653 9.079757183964261 1
5.243646400248608 13.535982071936612 1
10.134862968106045 13.449568168680436 1
12.614481969693031 6.482731255154692 1
14.793814006666878 9.09217902931937 1
6.9740282503753015 13.178296655421384 1
14.82347599289891 12.25388822043145 1
10.741158617597488 12.868520551660868 1
14.290582509678993 7.234882697661103 1
15.387545951701473 12.013414101620308 1
7.174912375386356 10.766325433882775 1
6.163517188201244 8.12710243130832 1
10.529030208221894 11.107797422314789 1
15.45541721770321 10.569488074988042 1
10.087773728789083 14.07076859266606 1
6.123813385130681 14.166546844901656 1
8.387255872828856 11.353074925396493 1
10.162515580254464 12.979710246373582 1
15.210738963844225 11.803615635144597 1
11.659062557193685 10.166136959907545 1
11.61624697123237 5.221973162763296 1
11.127767036903535 13.690034167642416 1
8.64573066917886 10.375095443666542 1
10.998804181980601 5.47701932445684 1
7.0943520699549145 6.565020770597309 1
8.29539448744917 15.554909718936617 1
6.453927536858446 7.016305097206161 1
13.723489181929637 12.772060736109363 1
8.959220684577385 8.835242721342746 1
6.992736879045822 11.614396502062469 1
6.341025171261492 7.942099286846935 1
4.86011733901562 7.544914696088279 1
7.424147064022392 8.336656314522259 1
7.170917214558131 7.350465637927687 1
9.538258837431355 8.966512064076289 1
15.37128560046645 11.803921242824991 1
10.702335563654815 15.187081206527203 1