10.471445026019225 2.0248386547631303 0
16.23424736364739 15.611363567556001 0
19.024682758019942 15.218309570288962 0
3.003258533240436 6.279724569491185 0
17.15971509570354 6.571592053371356 0
11.98951163399838 0.19197297355745047 0
7.634692294210823 16.648615101912114 0
11.597989213022835 1.2376943291383746 0
15.097516821298555 7.2648499229001136 1
10.978978417051424 11.073151829061302 1
10.538012171951667 1.177107810404654 0
18.301159693197416 3.007039814481076 0
0.7431154342830837 4.18076608835854 0
7.264554698422348 11.890452706039103 1
6.186537740177256 3.195678576597185 0
9.874724799076331 14.032611710459406 1
0.3393342278945455 16.721093363440616 0
9.3459561898918 2.0967346964468625 0
3.8664767074090145 12.77575110128917 0
0.07881331784703072 7.928526997812655 0
6.649412844189701 17.91147266087337 0
5.593209027350627 13.601997953791933 1
15.325032500174165 6.978047729716435 0
14.982956422133306 11.827138033045774 1
14.8551318079734 6.977440027934154 1
14.208551978408117 9.83454283773158 1
3.7123704061021745 12.962366708061959 0
5.903648720937444 9.919711620984257 1
10.9694478630319 19.69840310660969 0
8.131579417963696 9.824599203654167 1
15.610848476006385 10.218630973792395 1
19.491797379451185 5.045748499078055 0
3.3684235416276875 6.781355710298332 0
7.518387319838893 8.990559082783943 1
5.672691392092926 13.049681343624023 1
0.9588580763233367 8.844197378490277 0
11.61661839498102 17.31275114838966 0
13.900891945923938 7.289546086542778 1
5.363589529523953 18.357467980814192 0
2.6836417984585004 17.715384933910602 0
4.120001010222767 11.059932279318858 1
1.9136052875585152 3.185338613195392 0
12.469636040728936 13.007273332895362 1
12.443482338392574 6.2360055370300405 1
11.490662332865016 4.313626358271565 1
14.691298871842658 3.7524333027779933 0
8.5928482069876 2.7977977032456747 0
7.2927605134407525 6.109750759943726 1
2.3574308975123115 16.1786541395141 0
8.147994779743383 8.507744342345468 1
8.253776380224911 12.31704066818547 1
18.04877635948173 1.0745424348212196 0
11.869533986517363 8.277820579704212 1
11.623261230066227 13.68585111200547 1
5.780958394686369 19.35994548675133 0
6.995104220676991 5.132882390621956 1
16.05066234457108 15.425244113429981 0
8.73872443609672 7.893160862995163 1
7.991135512141021 15.516177125760533 1
9.063473460175144 12.334632745444845 1
2.875375922025949 16.719503969155145 0
1.8306281672477764 0.049141070492031425 0
10.041931871155537 18.091365199104285 0
10.528444592931026 2.345628672108553 0
11.808854388926829 6.374300358387181 1
1.3899061197724771 13.06998996390263 0
9.729165175491651 13.345709026827308 1
0.2440335979752284 14.192559210405689 0
3.194873339903861 6.153423838342875 0
19.489776015324797 0.09267667699707438 0
14.925884714328536 15.616000101423452 0
11.890095965978333 9.681207380150882 1
7.547843931973408 0.18423678659522658 0
16.840318876551386 7.124572122713855 0
16.13347044710097 16.96856646466515 0
17.1676909123005 11.350745451999412 0
12.02036473750115 1.9011735223171478 0
11.07804184807619 8.57216634861133 1
2.2703353042608176 7.630852321690029 0
16.433947070418554 13.657734697557245 0
10.508983943386283 12.084142064578584 1
3.400567364552729 18.06965081747817 0
4.381673952874328 11.585528333735123 1
1.4250952227442593 5.968512661342935 0
17.616081752206156 10.511895587913989 0
13.545574753865564 16.232437964897272 0
14.629587207265342 6.119908438553258 0
8.734000451352626 15.660251154958129 1
6.846895439767511 0.7561573504970731 0
0.04666772787305318 14.420105232045206 0
1.755400806853824 12.264343874682353 0
19.879984664088475 6.68017688712972 0
19.697330264282517 14.683705696535903 0
3.4335502697023235 8.650453602579919 0
12.585022929113132 16.667558597854416 0
12.592547082623732 0.9071570415505814 0
8.638727670246723 17.997081544860777 0
18.943324149730163 5.728913689293911 0
12.079611578215136 13.528869805687208 1
13.208391608531048 6.011556777592948 1
7.203846135182799 16.484938019315994 0
12.634515591714461 19.525574314064485 0
1.6801470319251455 19.211641474323454 0
9.298074714621196 6.024082098765362 1
12.64666518852767 7.671770925482937 1
13.958171439273443 11.504664743081696 1
15.263219417846397 7.405700810644166 1
6.399407531749677 9.592425622881994 1
4.930224122539924 11.29596350339426 1
14.099970242089617 16.903609640488295 0
11.246006036060756 16.044501577424583 0
16.435190136978207 12.138357560779042 0
19.969026534734795 2.1904690074103805 0
5.406110600741876 15.745433121454456 0
17.689414242136472 10.699031098688554 0
13.799747221692254 11.78473831050485 1
16.349242650538137 10.619479941424775 0
6.2751267368114005 14.053212512499506 1
5.268717691717284 8.03053358795422 1
2.304466749769851 11.66142924950103 0
4.36661277975632 11.808728006458457 1
14.629937164819998 0.6009776526393118 0
1.3757882317757875 6.7601607104138335 0
17.31623770410325 19.718246641488964 0
17.14128517469148 15.546531467090807 0
13.631544723890359 13.19764864206444 1
18.397118129151913 7.250912978491286 0
9.415149893732735 0.6668754064554894 0
15.72927075545266 5.422041103171371 0
13.453783650972673 2.3450526931402527 0
7.875581835829744 13.2009160575526 1
19.257532143201107 1.3684958819549498 0
15.176935375835352 7.726699412042912 1
10.34167189527028 18.702172048475486 0
17.011871777090718 10.794546287576052 0
10.257361052320777 15.321375011909343 1
19.24083584051997 8.726576658369833 0
15.230153133629933 5.73339506038423 0
16.963402976764108 9.777086722993616 0
13.554728806626812 13.975723750795792 1
16.219176615010902 15.027271867889272 0
2.0890807212281715 1.659466753140706 0
15.84667857486263 12.670689750267112 0
1.2070408318388726 1.7564615496607638 0
7.844096714282598 7.7877766985828245 1
3.857477441085151 1.3848706085852802 0
2.5496189724823526 13.63709915141417 0
15.582719853883962 8.221946431650888 1
6.484780115623994 12.897313461909498 1
15.350698221602094 11.224862940280303 1
2.725399222050078 11.80312686167686 0
16.85559205973302 7.788929449561359 0
2.828087976337985 17.629413622450187 0
14.99859704853935 9.402730755778636 1
14.468655196805514 5.971434733248868 0
16.484679180702916 3.153802737314322 0
10.621815624368704 8.047396734665355 1
16.032126485443097 17.46181602119374 0
19.454010081368786 4.745879418009626 0
14.378678942727676 12.10591441006848 1
18.07912849549002 13.31166694367234 0
10.092585988924615 17.730589785750258 0
0.7940464076815545 8.525542472971646 0
18.00394455461193 12.189147483316383 0
2.8439009888553457 9.885403946427843 0
3.805782695085058 18.453734729427328 0
9.63190691537431 3.393079887257351 0
13.062028460376451 0.8911073833944139 0
1.7834595132862119 10.7952335812928 0
8.371407237325958 6.905147672647138 1
16.961720307593005 2.4061104159451507 0
4.679638892407292 0.27453193219733274 0
16.78157833340067 6.272071890018111 0
5.406503252882697 10.233765629378125 1
1.6051161938783332 16.90732586452438 0
1.5151678838401184 11.776975499213119 0
8.747480445736864 17.898340000159678 0
9.481323525078357 3.393029581127065 0
18.173897652653416 8.444367569453505 0
4.136120978563682 0.6103679291197484 0
1.5919819988021544 2.54564648881366 0
10.835375096179058 18.317709297501022 0
13.870548660703012 15.971889497635981 0
14.544760027896242 8.555396602437115 1
4.594198403323409 18.943340795501868 0
11.591224248327968 4.224950858268137 1
2.0649749284792662 12.700767306307508 0
4.867577332170441 19.528453426557984 0
0.7568700203383094 1.323549459839568 0
15.02868408332074 19.147227368841072 0
9.22526396424334 16.139661558606708 0
6.429036629165221 12.3836788818339 1
1.7003094223412774 0.566660059366968 0
7.04125507316641 19.882781724526385 0
15.211430835648006 5.75579410839789 0
8.870257165533964 15.468833206410245 1
6.314607421872511 1.4937878973967078 0
3.670620993193896 10.101387912192543 0
16.72812444484334 10.80767411827341 0
18.47729384379622 10.856773917989145 0
1.9269378369328094 16.67783544866965 0
7.831117692739269 9.44242325604965 1
13.817414791483497 18.110203863367207 0
1.0359296854482447 17.75803221387092 0
6.308193887053088 7.648290440505507 1
11.39240843125389 2.6623384208356704 0
6.126697387880673 16.286302092271068 0
7.985831591995252 1.9395231682006853 0
4.728801806467797 15.01591225422735 0
17.914275476878892 14.48862581078113 0
1.5069083527068194 16.683452209645285 0
11.233938114077826 15.903251318403612 0
2.732806198490667 0.059619055639874574 0
11.3997012308831 8.292761109180827 1
14.24969549786476 3.0295145505466947 0
0.13878374878090405 19.250165652739582 0
1.8078494664797162 6.50405354438238 0
19.83456033768338 18.93783126823403 0
3.6482832337226645 16.417382479728705 0
1.510027184654812 19.769554496926556 0
6.963063362711268 15.554963472201413 0
13.938711804344718 4.231888688096408 0
2.468239366800442 12.26597291679526 0
1.2596343727601078 13.778928262152249 0
0.17001862945023927 3.9529611324301994 0
14.177050689865718 7.650605813942237 1
12.65934118494167 18.59752512090828 0
6.014745401049892 15.529344429104377 0
15.619068308564799 2.116872959691054 0
19.08717043283006 2.607252125434998 0
5.30311699338159 10.358193003412186 1
10.939238680613192 17.124820803107838 0
11.45216154273951 16.375881285444493 0
15.330191163110712 12.382016690746585 1
0.6254957083657997 0.8368608183360093 0
6.382761535455817 11.767271636371019 1
6.0284654564684885 9.986731085870733 1
19.377091233970532 12.618766972685291 0
16.227861745837583 18.812772992325417 0
16.386193120205302 0.8124322885407209 0
7.435660052417104 15.61315441057449 0
11.663386236377205 11.124415046247977 1
15.60656895173149 16.696034720018893 0
4.903361762665521 19.912159487044946 0
12.774244879374312 17.88258398050664 0
4.298861070736559 17.637543708775844 0
8.374433814795562 11.777405080988663 1
8.173582457977593 5.366534597289531 1
5.092584476042948 3.8977799786811596 0
15.498811807047986 11.520179435791922 1
13.860687839903568 13.209140340144216 1
13.550859107735496 4.544911669465755 0
0.9297938705669817 18.77398945029707 0
13.758630893005737 16.258256217097852 0
17.419017147595145 16.770605607570555 0
12.676396180615615 12.804428025687976 1
10.747195730358825 15.284828224673493 1
0.5531191087894816 16.03651793169361 0
18.99760959240939 14.34215190151113 0
11.06342627313567 15.049611104153897 1
3.8420842322426974 15.879618225706807 0
4.300011286532586 11.363566146697252 1
8.602968243214459 8.30372072575079 1
11.729995691579331 14.182737979652561 1
7.9767620600137645 1.0414610765692056 0
3.3770453114163757 8.758153072435235 0
4.046692628892332 4.1033853897772925 0
3.623478941126832 14.397465074125154 0
13.41844871937549 19.36025983281523 0
19.287259914585572 7.514138764101728 0
16.02628779336941 9.708808886935511 0
19.273877356620346 10.387138639983899 0
6.934968919381381 17.065578474651602 0
14.688828838979507 13.432604860990098 1
16.61415468731024 17.70476317799553 0
8.794457522696222 1.8548279905467968 0
2.6307614594687267 15.381622536135202 0
9.29716091910372 18.561881236004577 0
8.491967447055167 12.028042620165824 1
15.151541275129482 11.369987090417528 1
16.238922300305422 1.895114515028904 0
11.502975599573729 11.279406933210993 1
2.0560637483691147 2.9883547272514277 0
0.8369672050629573 14.228939842646202 0
19.635023469283613 7.957368173233908 0
14.96332575829231 19.49141671545035 0
11.88863394888028 2.202304928128851 0
2.684248929992741 12.278344190821311 0
11.676264642022886 7.932640207028938 1
0.9361389337961157 6.419983836034815 0
19.91497914396176 8.502419347214556 0
12.082002110615058 18.169782352966333 0
10.961495371110107 2.2103722624548916 0
19.476613777071737 6.124444324122463 0
7.8070819991230405 12.84378098237255 1
19.04602286264115 13.503299608555857 0
4.4350921273033705 13.659950959113322 0
17.703562436277306 4.939458586757173 0
7.924292900266188 17.530970794823027 0
3.4682984764889757 18.508980367792862 0
9.811862207153899 17.774151414936 0
10.476516826995839 13.826062933181728 1
4.776880636651255 9.84357041496936 1
17.99610146007821 13.420058668870688 0
13.48292339327526 9.428529955742528 1
3.6403739106485355 11.05779621806025 0
14.457882007009397 13.721379856243628 1
16.556206253821024 17.093536796575346 0
2.058267286277411 18.107486040617495 0
6.426115864048341 5.6799802165225906 1
14.668748468743424 4.174461720236636 0
10.643831245748327 8.952932895512554 1
4.471397262592043 6.915991750022037 0
10.922993883487585 11.150917647159716 1
14.571753763465638 14.468303865954441 0
5.651749317864045 18.70155676204795 0
9.521358476424552 3.7056858391093495 0
18.15028975124671 12.046835654544664 0
18.82034808379336 15.53427108247133 0
12.714580571842857 9.50213237791845 1
5.918052996171157 17.7696700531338 0
14.40976888491666 7.259817431478554 1
7.625968199717752 13.788725484564889 1
17.86806266472815 10.459414827443844 0
17.655172756218366 13.204454043527 0
3.2528902078787048 13.207229025865011 0
6.463904855357459 19.466409623590735 0
7.398883721500833 2.283925998413401 0
10.549787772217583 17.49162590318432 0
9.605616436514836 7.012811381379125 1
15.143552221161293 18.517673327139995 0
17.810819653694917 19.878889333453937 0
6.860733864936439 5.113811931641119 1
7.421739439162445 1.7434303534194218 0
9.825530219828948 0.93060317840991 0
4.519882390782977 6.344191530463719 0
19.855222164034533 11.798486624541834 0
3.9383251160925004 13.693414070741854 0
3.038408644287427 9.00043641271389 0
13.005142888081721 1.3672446617022693 0
13.676981371255915 16.164111716118995 0
12.586630109638987 6.8079756759119086 1
13.067384230837206 17.697189206259118 0
19.62988996688917 4.041880516883185 0
10.318284110359503 8.510990186651433 1
11.145193467798348 11.04567149569526 1
2.960240614980303 11.570239327946032 0
8.291893778313074 14.332720942511997 1
10.078813019121021 13.858764247829747 1
9.444458547617906 13.98228625957895 1
17.200885842521767 14.970011570486578 0
5.017215956148839 13.324243487998363 1
13.530804339746187 18.227215124885248 0
11.380613895014966 13.676725293172076 1
2.5238256575835694 8.754047185902118 0
10.637703618490857 7.282574435123166 1
13.152809568369776 13.572280801292617 1
16.487587616229742 13.673745715888082 0
19.63981813144654 14.832784511399645 0
13.534081381710248 7.186411941223094 1
13.930626886355261 1.6881275323325995 0
0.25751442495899113 0.8535976369683795 0
13.4384954696684 7.814265551258055 1
10.609549393490553 13.165978743589024 1
4.3724391869308254 8.3398742578596 1
12.148910657923576 12.451844068242155 1
7.644793333215154 8.209275832671924 1
8.089242371865774 13.131974881424641 1
9.633757405046936 8.238045472210779 1
4.759180062785326 9.384531312959634 1
6.526372926079922 6.701100114742797 1
14.363630118604371 7.895668130681644 1
7.188258553995244 10.400377965224404 1
9.196930041563377 6.0313763721482 1
12.904815146625932 6.805301039985803 1
9.79231402265732 8.70243413203098 1
9.054845138605565 10.243220160792001 1
7.5890203905698606 8.755154542622792 1
13.172880627656745 6.581088139277648 1
13.33440943095255 5.906336750938797 1
15.676804139291017 8.228649302080361 1
9.205895353522482 6.3211871247954665 1
9.388601085802442 11.810176146918117 1
6.411131415282791 14.656657473103348 1
9.421621065755247 14.429715959284831 1
7.374948941452011 5.131321095041146 1
14.700058095895649 12.543639558310842 1
10.023002898971727 8.357357731594684 1
9.610512155808115 11.638585454910386 1
9.264107255282587 4.8542921608277245 1
12.634919656074608 12.84489730400621 1
10.809232234825501 11.916968132288225 1
9.143928566877673 7.228457939407768 1
10.077741722206015 5.987293560506806 1
14.186937024049298 10.047366695564222 1
9.532485861292718 4.127048905417238 1
7.323963611588946 15.228613619591677 1
13.719047276266188 5.6373366055618295 1
7.0585166547943645 7.88436106976238 1
10.624357185142 4.309632551419121 1
14.097580338356773 8.795262644298269 1
10.0042710413664 9.61856257451849 1
6.244047276994675 12.319671262359531 1
12.450607939906115 8.3018964569556 1
9.08176873670203 6.396769032751413 1
5.552471049557166 10.616001482555756 1
11.929347527852684 10.696395936378364 1
8.419457011228179 8.966521990922907 1
4.2190916856829315 11.060017938619733 1
14.587563353290207 6.369938609464434 1
10.4065070953655 4.877285770863942 1
7.158891154988436 6.8812783620524804 1
14.13080361027372 7.090108716331245 1
7.756778088453398 8.32174220789382 1
15.225951092634682 9.327906051667597 1
10.202209757905603 5.6734577342921755 1
8.734342422687053 7.461033840101587 1
10.598353223752477 14.793889896395829 1
9.219467878925986 14.870135038114666 1
11.964368875662464 12.897806028025805 1
9.304890251662233 14.59016961507655 1
8.490436326015125 9.594446954247324 1
11.228459980021281 9.942140028911478 1
11.769440126354345 14.922873964731453 1
8.584469763381332 5.105449494087044 1
9.873248133798675 4.735768690554545 1
5.675163338027344 6.5472228578687774 1
12.483819949570176 8.892784732184118 1
5.515720138711893 8.674084694317909 1
8.394582312285756 12.39399635316137 1
15.791379220778454 8.711297256450454 1
13.898135980383318 14.26759286933311 1
10.793273338158961 8.122366258397529 1
10.300173795299596 7.763022334797296 1
8.739005305622493 4.818802633078296 1
9.023161345942478 14.435275162334626 1
12.583240801032947 11.76208589363323 1
10.853453517188644 6.435137300344045 1
10.382279287765384 11.924564620540748 1
9.325652345938044 11.974478416076463 1
13.355674652034839 9.506673761965668 1
12.897137584850725 9.714928641752872 1
10.121589223348177 10.110102380043092 1
10.361208088588272 10.750499776281977 1
5.385655797016893 12.401351951123631 1
10.075547448253682 14.912560716845649 1
11.013947658686234 7.860077798348972 1
5.612350801253876 13.791444891596171 1
12.065952982804667 5.73080998659756 1
10.85883313296587 9.882984375537799 1
12.90552269005527 10.378657266419468 1
4.878308021409636 7.09112769336353 1
9.213607073247331 9.123878972347635 1
4.701605246346077 9.464746098515262 1
8.389080045640751 9.835495059240714 1
8.04016945605957 11.952371232730279 1
13.954112276019021 13.521163715748703 1
12.9367083304325 8.918491185195398 1
11.986353563032118 6.555940935157379 1
8.665683526857695 8.070904019780523 1
13.446244771363991 10.488440340151543 1
15.079671892608673 9.474022428606668 1
4.433037180369396 8.083306427448157 1
7.09401436612223 9.507401149763924 1
9.500556253225152 7.414861383189426 1
7.788569427230485 6.55429815366748 1
12.840800508791366 6.972086235742596 1
8.859773653394143 11.382508037148966 1
14.301316127009997 7.66931130539624 1
10.276992568207232 11.709033592121717 1
15.488719991130534 11.494808001976274 1
10.808340919753896 10.55066399441165 1
8.466619300806304 12.603718542839955 1
6.190142191010503 13.528782283863784 1
9.245039814498512 12.811826525516114 1
9.91522755211749 4.382378893734257 1
5.472438283751346 10.059106636951709 1
7.122377290506618 4.84018422037942 1
10.821803004506991 4.590658684817994 1
5.8870941256758265 14.149476815252592 1
11.650204994046774 8.376717513657606 1
12.98420479211732 5.953596127121221 1
9.164658065094953 10.764664324002712 1
8.033350136205158 14.054874841399814 1
6.565595894836664 10.516080376637111 1
5.133255321364332 6.574444260125212 1
8.092688829403972 13.988143917488756 1
11.16983983673014 15.158423027590896 1
7.188469948699696 12.062812733682344 1
11.674743395087766 12.708778679709363 1
15.264254047795802 7.13584215434826 1
6.832434493521289 13.73503882933429 1
6.707064304245975 11.093847117807773 1
5.474667066286747 12.543965498629033 1
13.363982232401243 8.752960398659908 1
12.016471546006393 14.05306502333425 1
6.359729633758873 9.025873330888691 1
12.860861469796008 12.133101764358074 1
12.036512062278797 10.188752212955555 1
14.602201186894563 10.055475042941659 1